0 1 1
0 2 1
0 3 1
0 4 1
0 5 1
0 6 1
0 7 1
0 8 1
0 9 1
0 10 1
0 11 1
0 12 1
0 13 1
0 14 1
0 15 1
0 16 1
0 17 1
0 18 1
0 19 1
0 20 1
0 21 1
0 22 1
0 23 1
0 24 1
0 25 1
0 26 1
0 27 1
0 28 1
0 29 1
0 30 1
0 31 1
0 32 1
0 33 1
0 34 1
0 35 1
0 36 1
0 37 1
0 38 1
0 39 1
0 40 1
0 41 1
0 42 1
0 43 1
0 44 1
0 45 1
0 46 1
0 47 1
0 48 1
0 49 1
0 50 1
0 51 1
0 52 1
0 53 1
0 54 1
0 55 1
0 56 1
0 57 1
0 58 1
0 59 1
0 60 1
0 61 1
0 62 1
0 63 1
0 64 1
0 65 1
0 66 1
0 67 1
0 68 1
0 69 1
0 70 1
0 71 1
0 72 1
0 73 1
0 74 1
0 75 1
0 76 1
0 77 1
0 78 1
0 79 1
0 80 1
0 81 1
0 82 1
0 83 1
0 84 1
0 85 1
0 86 1
0 87 1
0 88 1
0 89 1
0 90 1
0 91 1
0 92 1
0 93 1
0 94 1
0 95 1
0 96 1
0 97 1
0 98 1
0 99 1
0 100 1
0 101 1
0 102 1
0 103 1
0 104 1
0 105 1
0 106 1
0 107 1
0 108 1
0 109 1
0 110 1
0 111 1
0 112 1
0 113 1
0 114 1
0 115 1
0 116 1
0 117 1
0 118 1
0 119 1
0 120 1
0 121 1
0 122 1
0 123 1
0 124 1
0 125 1
0 126 1
0 127 1
0 128 1
0 129 1
0 130 1
0 131 1
0 132 1
0 133 1
0 134 1
0 135 1
0 136 1
0 137 1
0 138 1
0 139 1
0 140 1
0 141 1
0 142 1
0 143 1
0 144 1
0 145 1
0 146 1
0 147 1
0 148 1
0 149 1
0 150 1
0 151 1
0 152 1
0 153 1
0 154 1
0 155 1
0 156 1
0 157 1
0 158 1
0 159 1
0 160 1
0 161 1
0 162 1
0 163 1
0 164 1
0 165 1
0 166 1
0 167 1
0 168 1
1 99 1
1 169 1
1 170 1
1 171 1
2 83 1
2 172 1
2 173 1
2 174 1
2 175 1
3 19 1
3 22 1
3 31 1
3 47 1
3 111 1
3 163 1
3 176 1
3 177 1
3 178 1
3 179 1
4 100 1
4 180 1
4 181 1
5 93 1
5 94 1
5 181 1
5 182 1
6 60 1
7 58 1
7 183 1
8 164 1
8 184 1
8 185 1
9 95 1
9 186 1
9 187 1
9 188 1
10 74 1
10 189 1
11 77 1
11 78 1
11 161 1
11 190 1
12 71 1
12 191 1
13 192 1
14 56 1
14 57 1
14 193 1
14 167 1
15 194 1
15 195 1
15 196 1
16 86 1
16 197 1
16 198 1
17 199 1
17 200 1
17 201 1
18 161 1
19 73 1
19 167 1
20 202 1
21 101 1
21 203 1
21 204 1
22 205 1
23 89 1
23 90 1
23 206 1
25 207 1
26 208 1
26 209 1
26 191 1
27 210 1
28 161 1
29 52 1
29 211 1
30 138 1
30 212 1
30 213 1
30 167 1
31 148 1
31 177 1
32 86 1
32 141 1
33 86 1
34 78 1
34 214 1
34 215 1
35 60 1
35 216 1
35 217 1
36 218 1
37 125 1
38 219 1
39 60 1
40 60 1
40 94 1
42 161 1
42 193 1
42 167 1
44 60 1
45 161 1
45 193 1
45 167 1
46 107 1
46 108 1
46 182 1
46 220 1
47 221 1
47 222 1
48 161 1
48 223 1
48 224 1
48 167 1
49 182 1
50 161 1
50 193 1
50 167 1
51 225 1
51 226 1
51 179 1
52 55 1
52 72 1
52 84 1
52 112 1
52 164 1
52 227 1
52 228 1
52 229 1
52 230 1
52 231 1
52 232 1
52 233 1
52 234 1
52 235 1
52 236 1
52 207 1
52 237 1
52 238 1
52 239 1
52 240 1
53 97 1
53 241 1
53 208 1
54 102 1
54 106 1
54 132 1
54 242 1
55 232 1
55 235 1
55 237 1
55 211 1
56 95 1
56 121 1
56 155 1
56 225 1
56 213 1
56 243 1
57 193 1
58 244 1
59 245 1
60 101 1
60 123 1
60 151 1
60 153 1
60 160 1
60 246 1
60 247 1
60 248 1
60 249 1
60 250 1
60 202 1
61 251 1
61 252 1
61 253 1
61 254 1
61 255 1
62 256 1
63 160 1
63 228 1
64 68 1
64 99 1
64 184 1
64 257 1
65 99 1
65 171 1
65 258 1
65 259 1
66 260 1
66 261 1
66 262 1
66 263 1
66 199 1
66 264 1
66 265 1
66 266 1
66 267 1
66 268 1
66 269 1
67 99 1
67 270 1
67 271 1
67 259 1
67 272 1
68 273 1
68 196 1
68 257 1
69 71 1
69 164 1
69 274 1
69 275 1
69 276 1
69 277 1
70 151 1
70 152 1
71 82 1
71 95 1
71 96 1
71 114 1
71 120 1
71 164 1
71 278 1
71 279 1
71 280 1
71 281 1
71 282 1
71 283 1
71 168 1
72 270 1
73 284 1
74 127 1
74 285 1
74 286 1
74 287 1
75 288 1
75 289 1
75 290 1
75 291 1
76 98 1
76 292 1
76 293 1
76 221 1
78 143 1
78 167 1
79 160 1
79 294 1
79 200 1
79 295 1
80 95 1
80 296 1
80 297 1
81 162 1
81 164 1
82 167 1
82 168 1
83 298 1
83 299 1
83 300 1
83 174 1
84 241 1
84 231 1
84 233 1
84 207 1
84 240 1
84 301 1
85 302 1
85 303 1
86 98 1
86 107 1
86 139 1
86 140 1
86 141 1
86 142 1
86 147 1
86 304 1
87 111 1
87 305 1
87 278 1
88 89 1
88 157 1
88 206 1
89 90 1
89 157 1
89 206 1
89 306 1
90 157 1
90 206 1
90 306 1
91 92 1
91 249 1
91 167 1
91 307 1
91 308 1
92 308 1
93 108 1
93 182 1
93 256 1
94 129 1
94 133 1
94 165 1
94 246 1
94 193 1
94 224 1
95 106 1
95 296 1
95 297 1
95 186 1
95 184 1
95 185 1
95 309 1
95 171 1
95 310 1
95 311 1
96 164 1
96 312 1
96 221 1
96 244 1
96 313 1
96 314 1
96 315 1
96 285 1
96 316 1
96 317 1
96 318 1
96 319 1
97 241 1
97 208 1
98 160 1
99 114 1
99 134 1
99 320 1
99 319 1
99 258 1
99 259 1
99 208 1
100 321 1
100 322 1
100 323 1
101 193 1
103 151 1
103 324 1
104 200 1
104 325 1
104 326 1
105 187 1
105 327 1
105 328 1
106 312 1
106 329 1
107 144 1
107 147 1
107 250 1
107 330 1
107 331 1
107 332 1
107 204 1
107 333 1
108 145 1
108 334 1
109 115 1
109 156 1
109 167 1
109 335 1
109 336 1
110 126 1
110 135 1
110 337 1
110 338 1
110 221 1
110 315 1
110 339 1
110 340 1
110 341 1
110 342 1
110 343 1
110 344 1
110 345 1
110 346 1
111 126 1
111 148 1
111 149 1
111 347 1
111 348 1
111 349 1
111 188 1
111 350 1
111 176 1
111 351 1
111 352 1
111 280 1
112 229 1
112 231 1
112 232 1
112 234 1
112 236 1
112 240 1
112 211 1
113 161 1
114 353 1
114 208 1
114 283 1
114 303 1
115 156 1
115 335 1
116 156 1
116 167 1
117 137 1
118 124 1
118 354 1
119 161 1
120 127 1
120 136 1
120 148 1
120 315 1
120 210 1
120 243 1
120 355 1
120 356 1
121 357 1
121 323 1
121 358 1
122 359 1
123 124 1
124 360 1
126 191 1
127 191 1
127 361 1
127 286 1
127 362 1
127 363 1
128 285 1
128 316 1
129 161 1
129 165 1
129 247 1
129 364 1
130 184 1
130 365 1
130 366 1
131 367 1
131 209 1
131 341 1
131 368 1
131 369 1
132 168 1
133 182 1
133 365 1
134 370 1
134 283 1
136 223 1
136 371 1
138 372 1
138 167 1
139 142 1
140 142 1
143 161 1
144 373 1
144 331 1
144 332 1
144 333 1
146 163 1
146 374 1
147 373 1
147 204 1
148 149 1
148 161 1
148 188 1
148 351 1
149 375 1
149 376 1
149 377 1
150 378 1
150 379 1
150 380 1
151 152 1
151 211 1
151 202 1
152 381 1
154 155 1
154 382 1
155 383 1
155 384 1
155 385 1
155 177 1
157 206 1
158 281 1
159 181 1
159 386 1
160 166 1
160 167 1
160 387 1
160 388 1
160 389 1
160 390 1
161 247 1
161 311 1
161 335 1
161 391 1
162 392 1
162 393 1
162 394 1
162 395 1
162 396 1
163 228 1
163 397 1
163 398 1
163 399 1
163 400 1
164 401 1
164 402 1
164 403 1
164 404 1
164 405 1
164 406 1
164 407 1
164 408 1
164 409 1
164 410 1
164 411 1
164 412 1
164 413 1
164 414 1
164 415 1
164 416 1
164 417 1
164 312 1
164 418 1
164 227 1
164 419 1
164 420 1
164 421 1
166 167 1
167 2033 1
167 213 1
167 281 1
167 284 1
167 2451 1
167 2452 1
167 335 1
168 313 1
168 2312 1
169 772 1
169 776 1
169 777 1
170 777 1
170 319 1
171 777 1
171 186 1
171 309 1
171 310 1
171 311 1
171 258 1
171 2274 1
171 2275 1
172 618 1
172 956 1
173 618 1
173 960 1
175 299 1
176 347 1
176 376 1
178 179 1
179 226 1
179 2385 1
180 298 1
180 300 1
180 1049 1
180 628 1
180 879 1
180 1051 1
180 1052 1
180 1053 1
180 715 1
180 1054 1
180 1055 1
180 1056 1
180 1057 1
181 668 1
181 692 1
181 913 1
181 915 1
181 917 1
181 924 1
181 927 1
181 932 1
181 939 1
181 946 1
181 725 1
181 949 1
181 952 1
181 1428 1
181 1429 1
181 1430 1
181 1431 1
181 974 1
181 1432 1
181 1433 1
181 1434 1
181 1435 1
181 1436 1
181 1437 1
181 1118 1
181 1119 1
181 1158 1
181 1438 1
181 868 1
181 869 1
181 870 1
181 1439 1
181 1440 1
181 1441 1
181 1442 1
181 1443 1
181 1444 1
181 1445 1
181 519 1
181 1446 1
181 1447 1
181 482 1
181 625 1
181 1448 1
181 1449 1
181 1450 1
181 1451 1
181 1452 1
181 1453 1
181 1454 1
181 1455 1
181 1456 1
181 1457 1
181 1458 1
181 386 1
181 1459 1
181 1460 1
181 1461 1
181 557 1
181 1462 1
181 1463 1
181 961 1
182 386 1
182 202 1
183 432 1
183 441 1
183 442 1
183 448 1
183 455 1
183 460 1
183 462 1
183 509 1
183 530 1
183 534 1
183 487 1
183 488 1
183 418 1
183 227 1
183 419 1
183 553 1
183 554 1
183 555 1
183 556 1
183 519 1
183 242 1
183 557 1
183 558 1
183 559 1
183 484 1
183 560 1
183 392 1
183 561 1
183 562 1
183 563 1
183 564 1
184 2192 1
184 2193 1
184 2194 1
184 185 1
184 2195 1
184 347 1
184 2161 1
184 2196 1
185 244 1
185 327 1
185 2197 1
185 328 1
186 424 1
186 310 1
186 370 1
187 777 1
187 2303 1
188 377 1
188 365 1
188 220 1
190 2502 1
190 2503 1
191 280 1
191 361 1
191 286 1
191 2198 1
193 2033 1
193 330 1
193 224 1
193 359 1
194 292 1
194 557 1
194 496 1
194 497 1
194 714 1
194 1630 1
194 1708 1
195 2021 1
195 196 1
195 2024 1
196 2025 1
196 273 1
196 2026 1
196 2027 1
197 1000 1
198 2134 1
198 2488 1
198 2489 1
198 2490 1
199 1071 1
199 1087 1
200 833 1
200 1007 1
200 1138 1
200 1139 1
200 1140 1
200 1411 1
200 1444 1
200 1514 1
200 1422 1
200 1515 1
200 1516 1
200 1144 1
200 1517 1
200 876 1
200 1518 1
200 1519 1
200 1520 1
200 1521 1
200 1522 1
200 1427 1
200 1523 1
200 1159 1
200 325 1
200 1524 1
200 1525 1
200 1125 1
200 1526 1
200 602 1
200 1527 1
200 852 1
200 1388 1
200 1418 1
200 877 1
202 2400 1
202 2401 1
206 586 1
206 2398 1
206 2399 1
207 241 1
207 235 1
207 393 1
207 301 1
207 499 1
208 209 1
209 294 1
209 1702 1
209 2354 1
210 773 1
210 348 1
210 286 1
210 2198 1
210 226 1
211 1525 1
211 229 1
211 231 1
211 233 1
211 234 1
211 236 1
211 239 1
211 240 1
212 796 1
212 1329 1
212 1587 1
212 2004 1
212 2005 1
213 623 1
213 2435 1
213 243 1
213 356 1
214 2510 1
214 215 1
216 2579 1
217 2391 1
217 333 1
217 2607 1
218 780 1
219 1890 1
219 311 1
220 331 1
220 332 1
221 2193 1
221 338 1
221 340 1
221 343 1
221 344 1
221 345 1
221 2247 1
221 2248 1
222 339 1
222 345 1
223 526 1
223 737 1
224 2033 1
224 359 1
224 1893 1
225 422 1
225 423 1
226 2385 1
226 2460 1
227 429 1
227 433 1
227 434 1
227 435 1
227 437 1
227 442 1
227 443 1
227 447 1
227 449 1
227 450 1
227 452 1
227 453 1
227 455 1
227 457 1
227 458 1
227 459 1
227 460 1
227 463 1
227 466 1
227 468 1
227 533 1
227 534 1
227 469 1
227 487 1
227 403 1
227 405 1
227 406 1
227 408 1
227 409 1
227 414 1
227 415 1
227 312 1
227 418 1
227 419 1
227 638 1
227 625 1
227 242 1
227 639 1
227 637 1
227 557 1
227 500 1
227 640 1
227 495 1
227 496 1
227 497 1
227 478 1
227 641 1
227 470 1
227 480 1
227 558 1
227 642 1
227 559 1
227 502 1
227 491 1
227 615 1
227 503 1
227 616 1
227 544 1
227 643 1
227 548 1
227 644 1
227 504 1
227 505 1
227 645 1
227 551 1
227 613 1
227 617 1
227 477 1
227 506 1
227 646 1
227 647 1
227 484 1
227 507 1
227 508 1
227 648 1
228 511 1
228 397 1
228 398 1
228 399 1
228 270 1
228 373 1
228 1718 1
229 1393 1
229 236 1
229 239 1
231 236 1
233 236 1
234 1000 1
234 235 1
234 236 1
234 237 1
234 239 1
236 240 1
238 327 1
238 328 1
241 428 1
241 242 1
241 495 1
241 496 1
241 497 1
241 301 1
241 498 1
241 499 1
242 442 1
242 443 1
242 447 1
242 460 1
242 462 1
242 401 1
242 534 1
242 571 1
242 418 1
242 773 1
242 292 1
242 900 1
242 638 1
242 913 1
242 554 1
242 555 1
242 556 1
242 945 1
242 1544 1
242 493 1
242 639 1
242 637 1
242 701 1
242 1615 1
242 1616 1
242 557 1
242 500 1
242 640 1
243 356 1
247 1034 1
248 249 1
250 333 1
251 797 1
251 1204 1
251 1205 1
251 1206 1
251 1207 1
251 1208 1
251 1209 1
251 1210 1
251 1211 1
251 1212 1
251 1213 1
251 808 1
251 1214 1
251 1215 1
251 858 1
251 1216 1
251 1217 1
252 1221 1
252 1235 1
252 253 1
252 1219 1
253 1207 1
253 721 1
253 1219 1
254 1219 1
255 1880 1
256 381 1
257 294 1
258 2343 1
259 2344 1
259 2345 1
260 746 1
260 261 1
260 747 1
260 748 1
260 274 1
260 262 1
260 749 1
261 752 1
262 748 1
262 757 1
262 753 1
262 758 1
262 275 1
262 759 1
263 294 1
264 620 1
264 1089 1
264 1090 1
264 1091 1
265 1092 1
266 1093 1
266 1094 1
267 1093 1
267 1094 1
268 1095 1
268 1092 1
269 1076 1
269 1096 1
269 1077 1
269 1097 1
269 1098 1
270 398 1
270 329 1
270 271 1
270 296 1
270 297 1
271 1887 1
271 1888 1
273 2022 1
273 2026 1
274 754 1
274 755 1
274 756 1
274 390 1
275 758 1
275 620 1
275 768 1
276 1148 1
276 1156 1
276 650 1
276 390 1
277 1713 1
279 2094 1
279 2312 1
280 375 1
281 334 1
283 303 1
285 316 1
285 374 1
286 1705 1
289 2256 1
289 1463 1
289 290 1
289 291 1
290 2522 1
290 291 1
292 576 1
292 815 1
292 816 1
292 817 1
292 818 1
292 819 1
292 820 1
292 542 1
292 598 1
292 821 1
292 822 1
292 823 1
292 824 1
292 825 1
292 826 1
292 599 1
292 827 1
292 293 1
292 828 1
292 829 1
292 830 1
292 831 1
292 832 1
292 833 1
292 834 1
292 835 1
292 836 1
292 837 1
292 838 1
292 839 1
292 553 1
293 325 1
294 841 1
295 599 1
295 834 1
295 838 1
295 1169 1
295 1178 1
295 1179 1
295 1180 1
295 1199 1
295 873 1
295 1016 1
295 1843 1
295 1844 1
295 1845 1
295 1846 1
295 1233 1
295 605 1
295 1847 1
295 1848 1
295 1186 1
295 714 1
295 1223 1
295 1849 1
295 606 1
295 1850 1
295 1542 1
298 618 1
298 300 1
299 618 1
299 965 1
300 618 1
301 499 1
302 1511 1
302 1478 1
302 2095 1
302 1909 1
302 1687 1
302 1477 1
302 1688 1
304 2033 1
305 362 1
305 363 1
307 308 1
309 817 1
309 906 1
309 883 1
309 1446 1
309 1338 1
309 2271 1
309 2272 1
309 1464 1
311 624 1
312 374 1
313 319 1
313 2312 1
314 374 1
315 342 1
316 374 1
317 374 1
317 2313 1
318 374 1
319 413 1
319 353 1
319 2275 1
320 777 1
320 780 1
320 781 1
321 721 1
321 732 1
322 2404 1
322 624 1
322 778 1
322 368 1
322 370 1
323 427 1
325 1007 1
325 1207 1
325 1015 1
325 1144 1
325 1519 1
325 1521 1
325 1526 1
325 1160 1
325 1161 1
325 1162 1
325 1163 1
325 852 1
325 1418 1
329 1887 1
329 1888 1
329 1889 1
332 2606 1
333 2607 1
334 1753 1
334 2503 1
335 2451 1
337 545 1
338 342 1
339 344 1
339 2385 1
340 344 1
340 2385 1
343 344 1
343 2385 1
343 369 1
344 345 1
344 2247 1
344 2248 1
344 2386 1
345 2385 1
346 2354 1
347 2198 1
348 663 1
349 355 1
350 376 1
351 377 1
351 365 1
352 377 1
352 365 1
352 2387 1
352 2388 1
352 2389 1
352 2390 1
353 373 1
354 1584 1
357 448 1
357 415 1
357 618 1
359 2033 1
361 2387 1
362 366 1
362 2615 1
363 366 1
363 2615 1
365 2198 1
367 411 1
367 2161 1
367 624 1
367 2162 1
369 2573 1
369 2574 1
369 2575 1
372 1935 1
372 799 1
373 398 1
373 399 1
373 1890 1
374 413 1
374 397 1
374 1718 1
374 2391 1
375 1525 1
376 2161 1
376 2411 1
378 452 1
378 468 1
378 883 1
378 1130 1
378 861 1
378 798 1
378 862 1
378 1662 1
378 887 1
378 2067 1
378 2068 1
378 2069 1
379 2421 1
380 386 1
380 2422 1
383 1905 1
383 1906 1
383 384 1
383 385 1
384 1906 1
384 385 1
384 1911 1
385 1905 1
385 1906 1
385 1910 1
385 1911 1
385 1908 1
387 1387 1
390 649 1
390 1157 1
392 393 1
393 2160 1
393 394 1
401 428 1
401 462 1
401 528 1
402 509 1
402 535 1
402 404 1
402 413 1
402 542 1
402 543 1
402 544 1
402 520 1
402 545 1
402 512 1
402 521 1
402 546 1
403 598 1
403 599 1
403 600 1
403 601 1
403 602 1
403 603 1
403 604 1
403 563 1
403 605 1
403 606 1
403 607 1
403 608 1
403 609 1
403 610 1
403 518 1
405 611 1
405 612 1
405 613 1
406 408 1
407 614 1
408 463 1
408 478 1
408 615 1
408 616 1
408 617 1
409 618 1
409 619 1
410 620 1
410 621 1
411 421 1
411 622 1
411 623 1
411 624 1
412 625 1
412 626 1
413 627 1
414 490 1
415 628 1
415 629 1
416 630 1
416 631 1
416 632 1
417 633 1
417 634 1
417 635 1
417 636 1
418 447 1
418 460 1
418 637 1
418 495 1
418 496 1
418 497 1
418 490 1
419 440 1
419 484 1
420 649 1
420 650 1
420 614 1
421 622 1
421 623 1
423 424 1
423 425 1
423 426 1
423 427 1
424 675 1
424 677 1
424 690 1
424 699 1
424 903 1
424 907 1
424 929 1
424 931 1
424 936 1
424 939 1
424 943 1
424 944 1
424 946 1
424 949 1
424 953 1
424 980 1
424 1279 1
424 1454 1
424 557 1
424 1812 1
424 2167 1
424 983 1
424 732 1
424 2168 1
424 2169 1
424 2170 1
424 1595 1
424 2171 1
424 2172 1
424 2173 1
424 2174 1
427 1390 1
428 429 1
428 430 1
428 431 1
428 432 1
428 433 1
428 434 1
428 435 1
428 436 1
428 437 1
428 438 1
428 439 1
428 440 1
428 441 1
428 442 1
428 443 1
428 444 1
428 445 1
428 446 1
428 447 1
428 448 1
428 449 1
428 450 1
428 451 1
428 452 1
428 453 1
428 454 1
428 455 1
428 456 1
428 457 1
428 458 1
428 459 1
428 460 1
428 461 1
428 462 1
428 463 1
428 464 1
428 465 1
428 466 1
428 467 1
428 468 1
429 469 1
429 470 1
429 471 1
430 464 1
431 472 1
431 473 1
432 474 1
432 475 1
433 476 1
433 477 1
434 470 1
434 477 1
435 478 1
435 470 1
436 443 1
437 454 1
438 479 1
438 480 1
438 481 1
439 482 1
441 460 1
441 483 1
442 463 1
442 478 1
442 484 1
442 485 1
443 456 1
443 468 1
443 469 1
443 486 1
444 456 1
444 487 1
444 488 1
444 478 1
444 489 1
445 448 1
447 490 1
447 491 1
448 453 1
448 492 1
448 493 1
448 494 1
449 450 1
449 469 1
449 476 1
450 454 1
450 463 1
450 500 1
450 501 1
450 502 1
450 503 1
450 504 1
450 505 1
450 506 1
450 507 1
450 508 1
451 462 1
451 509 1
451 484 1
451 510 1
452 468 1
452 509 1
453 493 1
453 511 1
454 509 1
454 480 1
454 512 1
454 513 1
455 509 1
455 511 1
455 514 1
456 509 1
457 515 1
457 516 1
457 517 1
457 518 1
458 519 1
458 520 1
458 521 1
459 462 1
459 522 1
461 509 1
462 523 1
462 524 1
462 474 1
463 478 1
463 484 1
463 525 1
465 477 1
466 526 1
466 505 1
466 527 1
467 511 1
467 486 1
468 503 1
469 566 1
469 476 1
470 478 1
470 641 1
470 480 1
470 477 1
470 1703 1
470 1080 1
471 571 1
471 519 1
471 1144 1
471 1567 1
471 1748 1
472 788 1
472 789 1
472 790 1
473 1434 1
473 2249 1
474 521 1
474 475 1
474 1709 1
475 1217 1
475 1231 1
475 1624 1
475 1935 1
475 1047 1
475 1936 1
476 637 1
476 547 1
476 543 1
476 480 1
478 533 1
478 1544 1
478 641 1
478 1702 1
478 484 1
479 509 1
479 551 1
479 481 1
480 529 1
480 559 1
480 615 1
480 616 1
480 510 1
481 1150 1
481 551 1
481 2134 1
481 1722 1
481 1723 1
482 1445 1
482 1487 1
483 536 1
483 612 1
483 573 1
483 1565 1
483 514 1
483 1566 1
483 565 1
483 2233 1
484 488 1
485 532 1
486 532 1
486 524 1
486 1734 1
487 567 1
487 568 1
488 569 1
488 552 1
489 1058 1
489 2310 1
489 1061 1
489 540 1
489 2306 1
489 1375 1
492 567 1
492 494 1
493 628 1
493 511 1
498 940 1
498 2246 1
500 523 1
500 1618 1
501 511 1
501 1719 1
501 1720 1
502 536 1
503 645 1
503 506 1
504 520 1
505 551 1
505 1618 1
507 508 1
508 957 1
509 529 1
509 530 1
509 531 1
509 532 1
509 533 1
509 534 1
509 535 1
509 536 1
510 534 1
510 527 1
511 642 1
511 1710 1
511 1711 1
511 522 1
511 1712 1
512 520 1
512 1709 1
512 1755 1
513 945 1
513 645 1
513 2250 1
515 584 1
516 835 1
516 1625 1
516 1195 1
516 888 1
516 889 1
516 1626 1
516 890 1
516 517 1
517 838 1
517 1514 1
517 1556 1
517 1558 1
517 647 1
517 1559 1
517 1535 1
517 1089 1
517 1629 1
517 1630 1
517 1631 1
517 1632 1
517 1561 1
517 1633 1
517 1634 1
517 848 1
517 518 1
518 553 1
518 1177 1
518 1539 1
518 1012 1
518 1961 1
518 860 1
518 1330 1
518 1540 1
519 573 1
519 557 1
519 525 1
519 574 1
520 562 1
520 1733 1
520 545 1
520 521 1
522 1156 1
523 557 1
523 558 1
523 527 1
525 1405 1
525 610 1
526 534 1
526 651 1
526 653 1
526 656 1
526 657 1
526 666 1
526 667 1
526 668 1
526 669 1
526 670 1
526 671 1
526 672 1
526 673 1
526 674 1
526 675 1
526 676 1
526 677 1
526 678 1
526 679 1
526 680 1
526 681 1
526 682 1
526 683 1
526 684 1
526 685 1
526 686 1
526 687 1
526 688 1
526 689 1
526 690 1
526 691 1
526 692 1
526 693 1
526 694 1
526 695 1
526 696 1
526 697 1
526 698 1
526 699 1
526 700 1
526 579 1
526 663 1
528 638 1
528 1544 1
528 1702 1
528 643 1
528 1715 1
529 537 1
529 538 1
529 539 1
530 531 1
530 540 1
530 541 1
533 547 1
533 548 1
533 549 1
533 550 1
535 552 1
536 565 1
537 1058 1
537 1059 1
540 1647 1
540 2306 1
541 1115 1
541 1361 1
541 1775 1
541 1776 1
541 2073 1
541 2074 1
541 2080 1
541 989 1
541 2222 1
541 2333 1
541 2081 1
541 2334 1
541 2335 1
541 2336 1
541 2086 1
541 2076 1
541 2088 1
541 2337 1
542 562 1
543 1706 1
544 562 1
544 1709 1
545 1754 1
546 1492 1
546 1493 1
549 1590 1
551 1639 1
551 1722 1
551 1723 1
551 1724 1
551 1725 1
552 1370 1
552 569 1
552 1782 1
552 1610 1
552 2148 1
552 1060 1
552 2149 1
552 2150 1
552 1606 1
552 1757 1
552 1678 1
553 838 1
554 618 1
554 556 1
555 618 1
555 556 1
556 618 1
557 921 1
557 1429 1
557 975 1
557 558 1
559 1590 1
559 1721 1
561 1401 1
561 1728 1
561 1729 1
561 1730 1
561 1731 1
561 1732 1
562 1733 1
562 1012 1
563 933 1
564 1734 1
564 1735 1
564 1736 1
564 1737 1
565 573 1
565 1564 1
566 570 1
566 573 1
567 999 1
567 1000 1
567 1001 1
567 600 1
567 1002 1
567 1003 1
567 1004 1
567 1005 1
567 1006 1
567 1007 1
567 1008 1
567 1009 1
567 1010 1
567 1011 1
569 662 1
569 1060 1
569 1606 1
570 571 1
570 572 1
571 574 1
572 1148 1
572 1158 1
572 1159 1
572 1160 1
572 1161 1
572 1162 1
572 1163 1
572 1164 1
572 1165 1
573 611 1
573 612 1
573 1565 1
573 1564 1
573 1566 1
575 576 1
575 577 1
575 578 1
575 579 1
575 580 1
576 581 1
578 582 1
578 583 1
579 618 1
579 916 1
579 607 1
579 988 1
579 989 1
579 990 1
579 991 1
579 992 1
580 659 1
580 1748 1
580 2230 1
581 1236 1
581 1293 1
582 1537 1
582 2362 1
584 838 1
584 1167 1
584 601 1
584 1625 1
584 1186 1
585 586 1
586 587 1
587 599 1
587 2262 1
588 589 1
588 590 1
588 591 1
588 592 1
589 591 1
591 592 1
591 593 1
592 593 1
592 594 1
592 595 1
592 596 1
593 597 1
594 597 1
595 2204 1
595 2209 1
595 2210 1
595 2211 1
595 2212 1
595 2214 1
595 2217 1
595 2215 1
595 2216 1
595 2087 1
595 596 1
596 2204 1
597 2224 1
599 827 1
599 868 1
599 869 1
599 870 1
599 871 1
599 872 1
600 725 1
600 1013 1
600 1014 1
601 1185 1
601 1393 1
602 1514 1
602 841 1
602 1535 1
603 1141 1
604 871 1
604 1012 1
604 1014 1
605 1223 1
607 1445 1
607 1520 1
607 872 1
611 612 1
611 1562 1
611 1319 1
611 1563 1
611 1370 1
611 628 1
612 1564 1
614 1541 1
614 1734 1
617 1726 1
618 654 1
618 677 1
618 687 1
618 691 1
618 831 1
618 900 1
618 901 1
618 902 1
618 903 1
618 904 1
618 905 1
618 906 1
618 907 1
618 908 1
618 638 1
618 909 1
618 910 1
618 911 1
618 912 1
618 913 1
618 914 1
618 915 1
618 916 1
618 917 1
618 918 1
618 919 1
618 920 1
618 921 1
618 922 1
618 923 1
618 924 1
618 925 1
618 926 1
618 927 1
618 928 1
618 929 1
618 930 1
618 931 1
618 932 1
618 933 1
618 934 1
618 935 1
618 936 1
618 937 1
618 938 1
618 939 1
618 878 1
618 940 1
618 941 1
618 942 1
618 943 1
618 944 1
618 945 1
618 946 1
618 947 1
618 725 1
618 948 1
618 949 1
618 950 1
618 951 1
618 952 1
618 953 1
618 954 1
619 2259 1
620 748 1
620 1084 1
620 1066 1
620 759 1
620 1099 1
620 1085 1
620 1100 1
621 1325 1
624 1054 1
624 778 1
624 2270 1
625 1488 1
625 1489 1
627 1993 1
627 1953 1
627 2001 1
627 2002 1
628 654 1
628 655 1
628 668 1
628 680 1
628 942 1
628 1035 1
628 1038 1
628 1106 1
628 1134 1
628 1312 1
628 1135 1
628 1123 1
628 1523 1
628 1563 1
628 1567 1
628 1568 1
628 1569 1
628 1570 1
628 1571 1
628 984 1
628 1572 1
628 1573 1
628 1574 1
628 736 1
628 1575 1
628 1576 1
628 1041 1
628 1577 1
628 1578 1
628 1579 1
628 1320 1
628 1580 1
628 1581 1
628 726 1
628 1042 1
628 1582 1
629 2456 1
630 631 1
631 632 1
632 807 1
633 767 1
633 1085 1
633 769 1
633 750 1
633 634 1
633 1971 1
634 770 1
634 636 1
634 761 1
634 771 1
636 765 1
636 2294 1
637 640 1
638 957 1
639 1615 1
642 1713 1
642 1714 1
642 1081 1
644 957 1
646 1616 1
647 1727 1
648 1585 1
648 722 1
649 1148 1
649 1157 1
650 855 1
650 1181 1
650 840 1
650 978 1
651 652 1
651 653 1
651 654 1
651 655 1
651 656 1
651 657 1
652 657 1
652 658 1
653 659 1
653 660 1
654 661 1
655 662 1
655 663 1
655 664 1
656 665 1
658 716 1
658 717 1
659 678 1
659 681 1
659 1360 1
659 1455 1
659 1460 1
659 1516 1
659 1568 1
659 1600 1
659 1356 1
659 2012 1
659 1607 1
659 2179 1
659 737 1
659 2219 1
659 1513 1
659 1956 1
659 2225 1
659 2226 1
659 1301 1
659 1505 1
659 1471 1
659 722 1
659 1564 1
659 660 1
659 2220 1
659 1164 1
659 1609 1
660 2234 1
662 1035 1
662 1448 1
662 1563 1
662 1578 1
662 1597 1
662 1598 1
662 1599 1
662 1490 1
662 1600 1
662 1601 1
662 1046 1
662 1602 1
662 1586 1
662 1603 1
663 668 1
663 672 1
663 698 1
663 2059 1
663 722 1
663 2061 1
664 698 1
664 942 1
664 1452 1
664 1571 1
664 1579 1
664 1698 1
664 1699 1
664 1700 1
664 2239 1
665 727 1
665 2227 1
666 690 1
666 701 1
666 702 1
667 697 1
668 703 1
669 695 1
670 704 1
671 705 1
673 706 1
673 707 1
674 708 1
675 709 1
675 710 1
675 711 1
676 693 1
679 688 1
679 712 1
679 713 1
679 714 1
679 715 1
681 716 1
681 717 1
682 683 1
682 718 1
683 706 1
684 692 1
684 693 1
684 719 1
684 720 1
685 721 1
685 722 1
685 723 1
686 701 1
686 724 1
687 725 1
688 726 1
688 727 1
689 728 1
689 729 1
689 730 1
689 731 1
690 701 1
690 732 1
692 733 1
692 734 1
692 735 1
693 736 1
694 738 1
694 739 1
695 706 1
696 740 1
696 741 1
696 742 1
698 743 1
698 744 1
699 745 1
701 725 1
701 1615 1
701 1617 1
702 2348 1
705 2234 1
706 904 1
706 1274 1
706 1296 1
706 1297 1
706 1299 1
706 1300 1
706 1302 1
706 718 1
706 1304 1
706 1305 1
706 1303 1
706 1286 1
706 707 1
706 1287 1
707 904 1
707 919 1
707 1296 1
707 1298 1
707 1300 1
707 1302 1
707 718 1
707 1304 1
707 1303 1
707 1287 1
707 1307 1
707 1282 1
707 1308 1
709 2005 1
709 2095 1
709 2096 1
709 2097 1
710 1448 1
710 1449 1
711 966 1
712 1112 1
712 1388 1
712 715 1
713 1120 1
713 715 1
713 850 1
714 817 1
714 1049 1
714 883 1
714 1238 1
714 1015 1
714 1377 1
714 1223 1
714 848 1
714 1852 1
714 1853 1
714 1854 1
714 1855 1
714 1856 1
714 849 1
714 1857 1
714 715 1
714 1419 1
714 1858 1
715 796 1
715 818 1
715 1206 1
715 1419 1
715 1553 1
715 2200 1
715 805 1
716 883 1
716 2180 1
716 2181 1
716 717 1
717 2180 1
717 2235 1
719 1795 1
719 1899 1
719 1900 1
719 1901 1
719 2266 1
719 1903 1
719 2267 1
719 2268 1
719 2269 1
719 1469 1
719 1902 1
720 1466 1
721 1587 1
721 1879 1
722 1698 1
722 1699 1
722 1777 1
722 1909 1
722 1463 1
722 2231 1
722 2232 1
724 1630 1
724 1561 1
724 1886 1
726 1311 1
726 997 1
727 2060 1
728 1593 1
728 1594 1
728 2019 1
728 1497 1
729 1448 1
729 1950 1
730 1448 1
730 1950 1
731 1448 1
731 1950 1
732 931 1
732 941 1
732 1452 1
732 983 1
732 2169 1
732 2170 1
732 1048 1
733 1474 1
733 1475 1
733 1687 1
733 1688 1
733 734 1
734 2143 1
737 1933 1
737 2179 1
737 2219 1
737 2064 1
737 1564 1
737 2220 1
737 2221 1
738 739 1
740 1501 1
740 2059 1
740 741 1
740 2237 1
740 2276 1
741 1545 1
741 742 1
743 1700 1
743 744 1
746 749 1
746 750 1
746 751 1
747 753 1
748 751 1
749 751 1
749 760 1
749 761 1
749 762 1
750 769 1
750 1964 1
750 1971 1
750 771 1
751 759 1
751 1099 1
751 1554 1
751 2199 1
751 760 1
752 1062 1
752 1064 1
752 1079 1
752 1066 1
753 757 1
753 763 1
753 764 1
754 1323 1
754 1324 1
754 1325 1
755 756 1
755 1326 1
756 1326 1
756 1327 1
757 763 1
757 764 1
758 763 1
758 764 1
758 767 1
759 1099 1
760 2199 1
760 762 1
761 765 1
761 2328 1
762 1554 1
762 2199 1
762 2444 1
763 765 1
764 766 1
765 1330 1
765 769 1
765 770 1
765 1964 1
767 769 1
767 770 1
767 771 1
769 770 1
771 2479 1
772 773 1
772 774 1
772 775 1
772 776 1
773 778 1
774 779 1
781 1034 1
782 783 1
782 784 1
782 785 1
782 786 1
783 787 1
783 786 1
784 785 1
786 787 1
786 1868 1
786 1872 1
786 1873 1
786 1874 1
786 1869 1
787 1866 1
787 1867 1
787 1868 1
788 790 1
788 791 1
789 792 1
789 793 1
790 791 1
792 794 1
792 795 1
792 796 1
792 797 1
793 840 1
793 1695 1
794 798 1
794 799 1
794 800 1
795 801 1
795 802 1
795 803 1
795 804 1
796 805 1
796 806 1
796 807 1
797 808 1
797 809 1
797 810 1
797 811 1
797 812 1
797 813 1
797 799 1
797 814 1
798 1642 1
798 810 1
798 1762 1
798 1766 1
798 1656 1
798 1645 1
798 1644 1
798 852 1
798 1622 1
798 1920 1
798 801 1
798 799 1
798 1929 1
798 1930 1
798 1931 1
798 1932 1
798 1933 1
799 821 1
799 1538 1
799 809 1
799 812 1
799 854 1
799 1623 1
799 1624 1
799 1923 1
799 1927 1
799 1935 1
799 1999 1
799 1047 1
799 1587 1
799 1192 1
799 1695 1
799 803 1
799 804 1
800 1650 1
800 2032 1
801 1222 1
801 1640 1
801 1990 1
802 1623 1
802 803 1
802 804 1
803 816 1
803 842 1
803 843 1
803 1927 1
803 1928 1
803 1990 1
803 804 1
803 1697 1
803 2008 1
804 816 1
804 1988 1
804 1927 1
804 1928 1
804 1990 1
804 2008 1
806 1680 1
808 1222 1
808 1228 1
809 1538 1
809 1638 1
809 1222 1
809 1642 1
809 1656 1
809 1622 1
809 1624 1
810 1696 1
811 1222 1
811 1648 1
812 1623 1
812 1697 1
813 842 1
814 1204 1
814 843 1
814 1921 1
814 1931 1
815 840 1
815 841 1
816 842 1
816 843 1
818 844 1
818 845 1
818 846 1
818 847 1
818 848 1
818 849 1
818 850 1
818 851 1
819 852 1
820 853 1
821 854 1
822 855 1
822 856 1
822 857 1
822 858 1
822 859 1
822 860 1
823 861 1
823 862 1
824 863 1
824 864 1
825 855 1
825 865 1
825 866 1
826 867 1
827 871 1
827 873 1
827 874 1
828 875 1
829 876 1
829 877 1
830 852 1
831 878 1
831 879 1
831 880 1
832 855 1
832 881 1
832 882 1
833 852 1
834 883 1
834 884 1
834 885 1
834 886 1
834 887 1
835 855 1
835 888 1
835 889 1
835 890 1
835 891 1
836 839 1
836 855 1
836 892 1
836 893 1
836 894 1
836 895 1
836 896 1
836 897 1
837 898 1
837 899 1
837 852 1
838 854 1
839 892 1
839 894 1
840 1693 1
840 1694 1
841 1087 1
841 1167 1
841 1237 1
841 1154 1
841 1526 1
842 1538 1
842 843 1
842 1658 1
842 1659 1
842 1660 1
843 1622 1
843 1922 1
844 1377 1
844 846 1
844 1418 1
844 851 1
845 1377 1
845 1413 1
845 846 1
845 847 1
845 1419 1
845 851 1
846 1377 1
846 851 1
847 1413 1
847 1029 1
847 851 1
848 1852 1
848 1942 1
848 1853 1
848 1713 1
848 1857 1
849 851 1
850 1049 1
850 1407 1
850 1567 1
850 1223 1
850 2241 1
851 1413 1
852 1139 1
852 1144 1
852 1521 1
852 1522 1
852 1159 1
852 1524 1
852 1525 1
852 1916 1
852 1917 1
852 1388 1
852 1485 1
852 1418 1
852 1918 1
852 1622 1
854 1756 1
854 1646 1
855 1004 1
855 1105 1
855 1111 1
855 856 1
855 1166 1
855 1167 1
855 1168 1
855 1169 1
855 1095 1
855 1170 1
855 1171 1
855 1172 1
855 1173 1
855 1174 1
855 1175 1
855 1176 1
855 1177 1
855 865 1
855 1178 1
855 1179 1
855 1180 1
855 857 1
855 881 1
855 1181 1
855 892 1
856 884 1
856 1182 1
856 859 1
857 858 1
857 1196 1
857 1197 1
857 1198 1
858 1230 1
858 1231 1
858 1222 1
858 860 1
859 1167 1
859 1171 1
859 1376 1
859 897 1
859 1183 1
859 1191 1
859 1192 1
859 1419 1
860 1962 1
860 1696 1
860 1564 1
861 1127 1
861 1128 1
861 1130 1
861 1538 1
861 1661 1
861 862 1
861 886 1
861 1662 1
862 1215 1
862 1130 1
862 2356 1
863 1016 1
863 1399 1
863 1844 1
863 2184 1
863 2185 1
863 864 1
863 1854 1
864 1819 1
867 1912 1
867 2289 1
868 1443 1
868 872 1
869 1443 1
869 872 1
870 1443 1
870 872 1
871 1206 1
871 1215 1
871 1461 1
871 1543 1
871 1544 1
871 1545 1
871 1546 1
871 873 1
871 1547 1
872 1443 1
872 1445 1
872 1461 1
873 1553 1
874 1983 1
874 1863 1
874 1386 1
874 1984 1
877 1383 1
877 1159 1
877 1394 1
877 2053 1
877 1817 1
877 2245 1
877 2329 1
877 2330 1
877 2055 1
877 1392 1
877 1758 1
877 1759 1
877 2331 1
877 1760 1
878 879 1
879 1770 1
879 1772 1
879 1051 1
879 1052 1
879 1053 1
880 1356 1
880 1679 1
880 2018 1
880 1348 1
881 1199 1
881 1200 1
881 882 1
882 1200 1
883 1113 1
884 1140 1
884 1376 1
884 1154 1
885 1124 1
886 1217 1
886 2357 1
887 1931 1
888 889 1
889 890 1
890 1628 1
891 1527 1
891 1136 1
891 1200 1
892 1202 1
892 1203 1
893 1170 1
893 1185 1
893 1195 1
893 1391 1
894 1185 1
894 1391 1
895 896 1
895 1203 1
896 1202 1
898 1185 1
898 1389 1
898 1390 1
899 1185 1
899 1389 1
899 1390 1
903 946 1
903 955 1
908 935 1
909 958 1
910 959 1
911 961 1
919 962 1
919 963 1
919 964 1
925 966 1
925 967 1
925 968 1
925 969 1
926 970 1
926 971 1
926 972 1
927 973 1
928 929 1
929 932 1
929 936 1
930 938 1
930 970 1
932 933 1
932 936 1
933 941 1
933 974 1
933 975 1
933 976 1
933 977 1
933 978 1
934 962 1
937 958 1
937 979 1
939 944 1
939 980 1
939 981 1
939 982 1
941 983 1
942 984 1
943 944 1
943 985 1
943 986 1
944 985 1
944 986 1
944 987 1
948 993 1
948 994 1
948 995 1
948 996 1
948 997 1
954 998 1
955 2332 1
955 2176 1
955 2454 1
956 960 1
958 2346 1
958 2347 1
959 2099 1
959 969 1
960 1389 1
960 1851 1
961 980 1
961 1864 1
962 1246 1
962 1247 1
962 1248 1
962 1249 1
962 1250 1
962 1251 1
962 1254 1
962 1257 1
962 1258 1
962 1260 1
962 1261 1
962 1262 1
962 1263 1
962 1273 1
962 1274 1
962 1275 1
962 1266 1
962 963 1
962 1276 1
962 1277 1
962 1268 1
962 1269 1
962 1267 1
962 1278 1
962 1265 1
962 980 1
962 1279 1
962 964 1
963 1267 1
963 1284 1
963 1264 1
964 1282 1
964 1285 1
964 1864 1
964 1865 1
964 967 1
965 2012 1
966 2481 1
966 968 1
966 2351 1
967 1276 1
967 1305 1
967 2504 1
968 2504 1
969 2099 1
970 972 1
972 1435 1
974 977 1
975 1707 1
976 1181 1
976 1541 1
976 1882 1
976 2029 1
977 1479 1
979 1912 1
979 2279 1
979 2282 1
979 2286 1
979 1913 1
979 2287 1
980 1291 1
981 982 1
983 2169 1
983 2170 1
984 1585 1
984 1470 1
984 1508 1
985 1292 1
985 986 1
986 1823 1
987 1292 1
987 1294 1
987 1822 1
987 1295 1
988 2188 1
988 2189 1
988 1013 1
988 1819 1
989 2188 1
989 1013 1
989 1819 1
990 1103 1
990 2053 1
990 2240 1
990 2241 1
990 2242 1
990 2227 1
990 1244 1
991 992 1
993 1582 1
993 995 1
993 996 1
993 997 1
994 2272 1
994 996 1
995 997 1
996 2272 1
996 2459 1
998 2530 1
999 1009 1
1000 1012 1
1000 1013 1
1002 1015 1
1002 1016 1
1002 1017 1
1003 1018 1
1003 1019 1
1003 1020 1
1004 1021 1
1005 1022 1
1005 1023 1
1005 1024 1
1005 1025 1
1006 1026 1
1006 1027 1
1006 1028 1
1007 1029 1
1007 1030 1
1010 1011 1
1010 1022 1
1010 1013 1
1010 1031 1
1010 1032 1
1011 1033 1
1012 1149 1
1012 1078 1
1012 1939 1
1012 1940 1
1012 1941 1
1012 1674 1
1012 1692 1
1013 2188 1
1013 2189 1
1014 2202 1
1015 1185 1
1015 1398 1
1015 1399 1
1015 1400 1
1015 1401 1
1015 1402 1
1016 1403 1
1016 1398 1
1016 1399 1
1016 1742 1
1017 1381 1
1017 1816 1
1017 2051 1
1018 1749 1
1018 1388 1
1018 2052 1
1018 1919 1
1018 1019 1
1018 2054 1
1018 1750 1
1020 1073 1
1021 1743 1
1021 1744 1
1021 1745 1
1022 1096 1
1022 1340 1
1022 1024 1
1022 1025 1
1022 1330 1
1023 1554 1
1023 1024 1
1023 1025 1
1024 1340 1
1024 1025 1
1024 1669 1
1024 1670 1
1024 1671 1
1024 1672 1
1025 1340 1
1025 1672 1
1025 1673 1
1026 1096 1
1026 1027 1
1026 1333 1
1026 1334 1
1026 1335 1
1026 1336 1
1026 1028 1
1027 1096 1
1027 1028 1
1028 1765 1
1029 1404 1
1029 1749 1
1029 1416 1
1030 1751 1
1031 1942 1
1031 1943 1
1032 1404 1
1032 1415 1
1035 1036 1
1035 1037 1
1035 1038 1
1035 1039 1
1035 1040 1
1035 1041 1
1035 1042 1
1036 1043 1
1036 1044 1
1036 1045 1
1037 1042 1
1038 1042 1
1039 1046 1
1039 1047 1
1040 1048 1
1041 1580 1
1042 1573 1
1042 1579 1
1042 1791 1
1042 1803 1
1042 1804 1
1042 1805 1
1042 1806 1
1042 1807 1
1043 1114 1
1043 1045 1
1044 1347 1
1044 1352 1
1044 1045 1
1046 1610 1
1046 1611 1
1047 1624 1
1047 1935 1
1047 1999 1
1049 1050 1
1050 2185 1
1050 1854 1
1050 1855 1
1050 1389 1
1051 1056 1
1053 1055 1
1055 1056 1
1055 2300 1
1056 2300 1
1057 1308 1
1057 2301 1
1057 2302 1
1058 1060 1
1058 1059 1
1058 1061 1
1059 1778 1
1059 1060 1
1059 2253 1
1059 2254 1
1059 2295 1
1060 1223 1
1060 2148 1
1061 1778 1
1061 1780 1
1061 1724 1
1061 1647 1
1062 1063 1
1062 1064 1
1062 1065 1
1062 1066 1
1062 1067 1
1063 1068 1
1063 1069 1
1063 1070 1
1064 1071 1
1064 1066 1
1064 1072 1
1064 1073 1
1064 1074 1
1065 1082 1
1065 1083 1
1065 1084 1
1066 1100 1
1066 1101 1
1066 1068 1
1066 1090 1
1067 1071 1
1067 1073 1
1067 1323 1
1067 1333 1
1067 1342 1
1067 1343 1
1067 1344 1
1068 1069 1
1068 1070 1
1071 1076 1
1071 1072 1
1071 1073 1
1072 1076 1
1072 1073 1
1072 1341 1
1074 1080 1
1074 1081 1
1075 1076 1
1076 1077 1
1076 1078 1
1077 1098 1
1078 1940 1
1079 1080 1
1079 1081 1
1080 1081 1
1081 1714 1
1082 1085 1
1083 1085 1
1084 1085 1
1084 1086 1
1085 1101 1
1085 1102 1
1085 1086 1
1087 1088 1
1089 1884 1
1090 1101 1
1092 1095 1
1093 1212 1
1093 1140 1
1093 1424 1
1094 1843 1
1094 2505 1
1096 1328 1
1096 1329 1
1096 1330 1
1096 1331 1
1096 1332 1
1097 2202 1
1098 2202 1
1100 1101 1
1102 1731 1
1103 1104 1
1103 1105 1
1103 1106 1
1103 1107 1
1103 1108 1
1103 1109 1
1103 1110 1
1103 1111 1
1103 1112 1
1104 1113 1
1106 1112 1
1108 1109 1
1108 1114 1
1108 1115 1
1108 1116 1
1109 1117 1
1109 1118 1
1109 1119 1
1109 1120 1
1109 1121 1
1109 1122 1
1110 1111 1
1110 1123 1
1110 1124 1
1110 1125 1
1110 1126 1
1110 1127 1
1110 1128 1
1110 1129 1
1110 1130 1
1110 1131 1
1110 1132 1
1111 1133 1
1112 1134 1
1112 1135 1
1112 1136 1
1113 1137 1
1113 1138 1
1113 1139 1
1114 1345 1
1114 1346 1
1114 1347 1
1115 1346 1
1115 1347 1
1115 1357 1
1115 1358 1
1115 1359 1
1115 1360 1
1115 1135 1
1115 1361 1
1115 1362 1
1115 1363 1
1115 1349 1
1115 1350 1
1115 1351 1
1115 1364 1
1115 1365 1
1116 1210 1
1116 1212 1
1116 1235 1
1116 1237 1
1116 1117 1
1117 1216 1
1117 1221 1
1117 1120 1
1120 1240 1
1120 1411 1
1120 1123 1
1120 1127 1
1120 1553 1
1123 1225 1
1124 1225 1
1125 1159 1
1125 1527 1
1125 1141 1
1125 1241 1
1126 1131 1
1127 1128 1
1128 1219 1
1129 1525 1
1129 1537 1
1130 1538 1
1131 1140 1
1131 1427 1
1131 1539 1
1132 1410 1
1132 1423 1
1132 1425 1
1132 1541 1
1132 1420 1
1132 1542 1
1133 1221 1
1133 1142 1
1133 1233 1
1134 1221 1
1134 1244 1
1136 1138 1
1137 1140 1
1137 1141 1
1137 1142 1
1137 1143 1
1139 1144 1
1139 1145 1
1139 1146 1
1139 1147 1
1140 1377 1
1141 1515 1
1141 1518 1
1141 1521 1
1141 1415 1
1143 2263 1
1145 1916 1
1145 1226 1
1145 1480 1
1146 1361 1
1146 1423 1
1146 1819 1
1146 1147 1
1146 1373 1
1146 1426 1
1147 1423 1
1147 1373 1
1148 1149 1
1148 1150 1
1148 1151 1
1148 1152 1
1148 1153 1
1149 1152 1
1149 1154 1
1149 1155 1
1149 1153 1
1151 1152 1
1151 1153 1
1152 1153 1
1153 2497 1
1154 1378 1
1154 1379 1
1156 1174 1
1156 1175 1
1156 1393 1
1156 1764 1
1157 1194 1
1158 1470 1
1158 1471 1
1159 1427 1
1160 1748 1
1161 1748 1
1162 1748 1
1163 1748 1
1164 1701 1
1167 1178 1
1168 1183 1
1168 1184 1
1169 1185 1
1169 1186 1
1170 1181 1
1171 1187 1
1172 1188 1
1174 1175 1
1174 1181 1
1174 1189 1
1174 1190 1
1175 1181 1
1176 1191 1
1176 1192 1
1177 1193 1
1178 1179 1
1178 1180 1
1178 1185 1
1178 1186 1
1178 1194 1
1179 1180 1
1179 1195 1
1179 1186 1
1180 1186 1
1181 1201 1
1182 1199 1
1182 1394 1
1182 1395 1
1182 1759 1
1182 1760 1
1184 1223 1
1184 1192 1
1185 1380 1
1185 1381 1
1185 1382 1
1185 1383 1
1185 1384 1
1185 1199 1
1185 1385 1
1186 1199 1
1186 1533 1
1187 1883 1
1188 1193 1
1189 1393 1
1189 1190 1
1192 1223 1
1192 1860 1
1193 2402 1
1193 2403 1
1194 1382 1
1194 1384 1
1194 1693 1
1194 1694 1
1194 1745 1
1194 1985 1
1194 1859 1
1195 1376 1
1195 1627 1
1196 2243 1
1197 1962 1
1198 2616 1
1199 1394 1
1199 1395 1
1200 2053 1
1200 1817 1
1200 2055 1
1200 2448 1
1201 1808 1
1201 1419 1
1203 1534 1
1204 1218 1
1205 1210 1
1206 1219 1
1207 1219 1
1207 1220 1
1208 1221 1
1209 1217 1
1209 1222 1
1209 1223 1
1210 1224 1
1211 1221 1
1212 1225 1
1212 1226 1
1213 1221 1
1213 1227 1
1214 1222 1
1214 1229 1
1216 1232 1
1217 1231 1
1217 1222 1
1217 1233 1
1217 1223 1
1217 1234 1
1218 1408 1
1218 1447 1
1218 1863 1
1219 1880 1
1220 1380 1
1221 1235 1
1221 1236 1
1221 1237 1
1221 1238 1
1221 1239 1
1221 1240 1
1222 1230 1
1222 1231 1
1222 1538 1
1222 1640 1
1222 1648 1
1222 1649 1
1222 1650 1
1222 1651 1
1222 1652 1
1222 1653 1
1222 1654 1
1222 1228 1
1222 1234 1
1222 1610 1
1222 1655 1
1223 1240 1
1223 1626 1
1223 1233 1
1223 1859 1
1223 1860 1
1223 1861 1
1223 1553 1
1223 1387 1
1225 1423 1
1225 1424 1
1225 1425 1
1227 1311 1
1228 1649 1
1230 1635 1
1232 1235 1
1233 1356 1
1236 1241 1
1236 1242 1
1236 1243 1
1240 1245 1
1241 2244 1
1241 1293 1
1241 2245 1
1243 1880 1
1244 1427 1
1245 2355 1
1246 1247 1
1246 1248 1
1246 1249 1
1246 1250 1
1246 1251 1
1246 1252 1
1246 1253 1
1246 1254 1
1246 1255 1
1246 1256 1
1246 1257 1
1246 1258 1
1246 1259 1
1246 1260 1
1246 1261 1
1246 1262 1
1246 1263 1
1246 1264 1
1247 1256 1
1248 1257 1
1248 1265 1
1249 1264 1
1250 1254 1
1251 1264 1
1252 1254 1
1252 1262 1
1253 1264 1
1254 1262 1
1254 1266 1
1254 1264 1
1255 1260 1
1255 1267 1
1255 1264 1
1258 1263 1
1258 1268 1
1258 1269 1
1259 1260 1
1259 1264 1
1260 1261 1
1260 1267 1
1260 1264 1
1261 1267 1
1261 1264 1
1262 1264 1
1263 1268 1
1263 1269 1
1263 1267 1
1264 1266 1
1264 1269 1
1264 1267 1
1264 1284 1
1264 2562 1
1264 2563 1
1264 2564 1
1266 1267 1
1267 1284 1
1268 1288 1
1269 1288 1
1270 1271 1
1270 1272 1
1272 1712 1
1272 1812 1
1272 1813 1
1272 1814 1
1273 1280 1
1273 1281 1
1274 1282 1
1275 1283 1
1276 1285 1
1277 1286 1
1277 1287 1
1278 1289 1
1278 1290 1
1278 1281 1
1279 1292 1
1279 1293 1
1279 1294 1
1279 1295 1
1280 1289 1
1280 1290 1
1281 1289 1
1281 1290 1
1282 1307 1
1282 1308 1
1282 1285 1
1286 1306 1
1287 1299 1
1287 1306 1
1289 1594 1
1291 1450 1
1292 1821 1
1292 1822 1
1293 1516 1
1294 1821 1
1294 1822 1
1296 1297 1
1296 1298 1
1296 1299 1
1296 1300 1
1297 1301 1
1299 1300 1
1299 1302 1
1299 1303 1
1302 1303 1
1307 1689 1
1308 1689 1
1309 1310 1
1309 1311 1
1309 1312 1
1309 1313 1
1310 1311 1
1310 1314 1
1310 1315 1
1311 1312 1
1311 1314 1
1311 1316 1
1311 1317 1
1311 1318 1
1311 1315 1
1312 1319 1
1312 1320 1
1312 1321 1
1313 1322 1
1314 2003 1
1315 1595 1
1316 1318 1
1316 1595 1
1317 1318 1
1317 1595 1
1318 1319 1
1318 1578 1
1319 1321 1
1320 1321 1
1322 2178 1
1323 1324 1
1324 1884 1
1325 2462 1
1326 1343 1
1326 1690 1
1326 1691 1
1326 1692 1
1327 1690 1
1328 1330 1
1329 1330 1
1329 1337 1
1329 1338 1
1329 1339 1
1330 1963 1
1330 1943 1
1330 1964 1
1330 1965 1
1330 1966 1
1330 1967 1
1330 1968 1
1330 1969 1
1330 1970 1
1330 1971 1
1330 1972 1
1330 1973 1
1330 1974 1
1330 1533 1
1330 1975 1
1330 1331 1
1330 1332 1
1331 1332 1
1334 2070 1
1335 1336 1
1335 2070 1
1336 2071 1
1337 2004 1
1337 2005 1
1337 2090 1
1337 2091 1
1337 2092 1
1339 2595 1
1342 1343 1
1342 1344 1
1345 1348 1
1346 1347 1
1346 1349 1
1347 1349 1
1347 1350 1
1347 1351 1
1347 1352 1
1347 1353 1
1347 1354 1
1347 1355 1
1347 1356 1
1348 1364 1
1348 2130 1
1348 2314 1
1348 2318 1
1348 1500 1
1349 1357 1
1349 1363 1
1349 1350 1
1349 1351 1
1349 1364 1
1349 1369 1
1349 1365 1
1351 1364 1
1354 1675 1
1355 1676 1
1355 1677 1
1356 1678 1
1356 1679 1
1356 1680 1
1356 1681 1
1356 1682 1
1356 1683 1
1356 1684 1
1357 1366 1
1357 1367 1
1358 1368 1
1359 1369 1
1361 1370 1
1361 1371 1
1361 1372 1
1361 1373 1
1362 1374 1
1362 1365 1
1363 1375 1
1364 1365 1
1365 1442 1
1365 1785 1
1365 2072 1
1365 1776 1
1365 2084 1
1365 2080 1
1365 2085 1
1366 1428 1
1366 1771 1
1366 1687 1
1366 1367 1
1367 1771 1
1367 1772 1
1368 1775 1
1369 2072 1
1369 1776 1
1369 2073 1
1369 2074 1
1371 2144 1
1371 1372 1
1372 2144 1
1374 1442 1
1374 1775 1
1374 2072 1
1375 2310 1
1375 2450 1
1375 2542 1
1377 1403 1
1377 1404 1
1377 1405 1
1377 1406 1
1377 1407 1
1377 1408 1
1377 1409 1
1377 1410 1
1377 1411 1
1377 1412 1
1377 1413 1
1377 1398 1
1377 1414 1
1378 1637 1
1378 2156 1
1380 1386 1
1380 1387 1
1381 1388 1
1383 1392 1
1385 1396 1
1385 1397 1
1386 1986 1
1386 1987 1
1388 1418 1
1388 1919 1
1389 1631 1
1389 2185 1
1389 1854 1
1389 1855 1
1389 1856 1
1389 1880 1
1389 1851 1
1389 1396 1
1390 1851 1
1391 1402 1
1391 1627 1
1392 1758 1
1393 1626 1
1393 1761 1
1393 1762 1
1393 1763 1
1393 1559 1
1394 1395 1
1394 1758 1
1394 1759 1
1394 1760 1
1395 1759 1
1396 1486 1
1397 1757 1
1399 1742 1
1400 1752 1
1401 1728 1
1401 1765 1
1402 1766 1
1402 1767 1
1402 1768 1
1402 1656 1
1402 1769 1
1404 1415 1
1404 1416 1
1405 1410 1
1406 1417 1
1408 1410 1
1409 1415 1
1409 1420 1
1410 1420 1
1410 1417 1
1410 1421 1
1414 1422 1
1416 1420 1
1417 1945 1
1417 1946 1
1417 1947 1
1417 1550 1
1417 1948 1
1417 1949 1
1417 1950 1
1417 1951 1
1417 1952 1
1418 1515 1
1418 1420 1
1419 1882 1
1420 1542 1
1421 2308 1
1421 2309 1
1422 1527 1
1423 1426 1
1425 1427 1
1426 1629 1
1428 1452 1
1428 1464 1
1429 1465 1
1430 1466 1
1431 1439 1
1432 1467 1
1436 1468 1
1437 1469 1
1438 1472 1
1439 1473 1
1440 1474 1
1440 1475 1
1440 1476 1
1440 1477 1
1441 1478 1
1441 1479 1
1442 1480 1
1443 1444 1
1443 1445 1
1443 1461 1
1444 1445 1
1444 1481 1
1444 1482 1
1445 1461 1
1446 1483 1
1446 1484 1
1447 1485 1
1447 1486 1
1448 1449 1
1448 1450 1
1448 1490 1
1448 1491 1
1448 1492 1
1448 1493 1
1448 1480 1
1448 1494 1
1448 1495 1
1448 1496 1
1450 1493 1
1450 1497 1
1451 1498 1
1451 1499 1
1451 1500 1
1453 1501 1
1453 1497 1
1453 1502 1
1453 1503 1
1454 1504 1
1455 1505 1
1455 1506 1
1455 1507 1
1455 1508 1
1456 1509 1
1456 1510 1
1458 1511 1
1458 1512 1
1460 1513 1
1462 2090 1
1462 2256 1
1462 2257 1
1462 1716 1
1462 1463 1
1462 2251 1
1462 2258 1
1463 2259 1
1467 2559 1
1468 1551 1
1468 1955 1
1468 2546 1
1468 2547 1
1468 1552 1
1468 2265 1
1469 1901 1
1469 1903 1
1470 1585 1
1470 1698 1
1470 1699 1
1470 1701 1
1471 2179 1
1471 2181 1
1472 2177 1
1474 1685 1
1474 1475 1
1474 1476 1
1475 1685 1
1475 1686 1
1477 2102 1
1479 2230 1
1480 1785 1
1480 1610 1
1480 2145 1
1480 2149 1
1480 1757 1
1480 2252 1
1481 1545 1
1481 2236 1
1482 1520 1
1482 1530 1
1483 1484 1
1487 2291 1
1487 2292 1
1489 2304 1
1491 1592 1
1491 1594 1
1492 1594 1
1492 1493 1
1492 1495 1
1492 1786 1
1493 1594 1
1493 1495 1
1494 2305 1
1496 1501 1
1496 1976 1
1497 1594 1
1497 2383 1
1498 1787 1
1498 1788 1
1498 1790 1
1498 1791 1
1498 1798 1
1498 1799 1
1498 1795 1
1498 1796 1
1498 1794 1
1498 1800 1
1498 1793 1
1498 1582 1
1500 2506 1
1501 1569 1
1501 1595 1
1501 1976 1
1502 2191 1
1502 2384 1
1505 2229 1
1506 2227 1
1506 2228 1
1507 1585 1
1507 1698 1
1507 1699 1
1507 1508 1
1507 1701 1
1508 1585 1
1508 1701 1
1509 1510 1
1511 1587 1
1514 1528 1
1517 1529 1
1520 1530 1
1524 1531 1
1525 1532 1
1525 1533 1
1525 1534 1
1527 1536 1
1528 1535 1
1531 2052 1
1532 2135 1
1535 1881 1
1536 2412 1
1537 1747 1
1538 1620 1
1538 1636 1
1538 1637 1
1538 1638 1
1538 1639 1
1538 1640 1
1538 1641 1
1538 1642 1
1538 1643 1
1538 1644 1
1538 1622 1
1539 1540 1
1542 1863 1
1543 1548 1
1545 1549 1
1546 1550 1
1546 1551 1
1546 1552 1
1548 1894 1
1549 2059 1
1549 2062 1
1550 1950 1
1550 1954 1
1550 1551 1
1550 1955 1
1550 1552 1
1551 1950 1
1551 1954 1
1551 1955 1
1551 2265 1
1553 1563 1
1555 1556 1
1555 1557 1
1555 1558 1
1556 1559 1
1557 1560 1
1558 1561 1
1559 1629 1
1559 1632 1
1559 1560 1
1560 1561 1
1560 1886 1
1561 1630 1
1561 1886 1
1564 1565 1
1564 1566 1
1564 2233 1
1564 2166 1
1565 1696 1
1568 1583 1
1570 1584 1
1572 1586 1
1574 1587 1
1574 1588 1
1574 1589 1
1575 1590 1
1576 1591 1
1577 1592 1
1577 1593 1
1577 1594 1
1578 1595 1
1581 1596 1
1582 1787 1
1582 1788 1
1582 1790 1
1582 1800 1
1582 1793 1
1583 2157 1
1584 2456 1
1584 2550 1
1584 2551 1
1584 2175 1
1584 2552 1
1584 2457 1
1584 2553 1
1585 1698 1
1585 1699 1
1585 1700 1
1590 1742 1
1592 1777 1
1592 1778 1
1592 1779 1
1592 1780 1
1592 1593 1
1592 1781 1
1592 1782 1
1593 1605 1
1593 1784 1
1594 1598 1
1594 1780 1
1594 1785 1
1595 1976 1
1595 2176 1
1595 2151 1
1596 2534 1
1596 2695 1
1596 2696 1
1596 2535 1
1596 2536 1
1597 1604 1
1598 1605 1
1600 1603 1
1600 1607 1
1600 1608 1
1601 1603 1
1601 1607 1
1601 1609 1
1602 1604 1
1602 1612 1
1603 1607 1
1603 1608 1
1605 1779 1
1605 1780 1
1605 1781 1
1605 1782 1
1605 1785 1
1605 2277 1
1607 2012 1
1607 2179 1
1610 1611 1
1611 1654 1
1613 1614 1
1617 1738 1
1619 1620 1
1619 1621 1
1620 1622 1
1620 1623 1
1620 1624 1
1621 1643 1
1621 1924 1
1622 1638 1
1622 1641 1
1622 1644 1
1622 1920 1
1622 1623 1
1622 1921 1
1622 1922 1
1622 1624 1
1622 1923 1
1623 1926 1
1623 1927 1
1623 1928 1
1624 1935 1
1624 1936 1
1624 1937 1
1624 1938 1
1629 1630 1
1630 1631 1
1630 1885 1
1633 1634 1
1635 2164 1
1635 1937 1
1636 1645 1
1639 1646 1
1639 1647 1
1640 1657 1
1642 1645 1
1643 1663 1
1643 1664 1
1644 1645 1
1644 1895 1
1645 1895 1
1646 1915 1
1647 1779 1
1647 1780 1
1647 1724 1
1647 1725 1
1647 2306 1
1647 2307 1
1647 2308 1
1648 1946 1
1648 1993 1
1648 1935 1
1648 1953 1
1650 1992 1
1650 1994 1
1652 1995 1
1653 1655 1
1653 1657 1
1655 1657 1
1656 1766 1
1656 1767 1
1656 1768 1
1656 1663 1
1658 1660 1
1659 1660 1
1661 2152 1
1663 1991 1
1663 1997 1
1663 1998 1
1664 1997 1
1665 1666 1
1666 1667 1
1666 1668 1
1667 1668 1
1668 1842 1
1671 1672 1
1672 1674 1
1676 2130 1
1676 2319 1
1676 2320 1
1676 2321 1
1676 2322 1
1676 2323 1
1676 2324 1
1676 2325 1
1676 2316 1
1677 2121 1
1678 1682 1
1679 2018 1
1683 2018 1
1684 2018 1
1685 1686 1
1687 2097 1
1687 2099 1
1687 2100 1
1687 2101 1
1688 2100 1
1688 2101 1
1693 1694 1
1695 2001 1
1695 2007 1
1696 2163 1
1696 2164 1
1696 2165 1
1697 1992 1
1702 1704 1
1702 1705 1
1703 2030 1
1706 2010 1
1706 2011 1
1706 2012 1
1706 2014 1
1706 2015 1
1706 2013 1
1708 2342 1
1709 2160 1
1710 1711 1
1710 1715 1
1711 1715 1
1712 1716 1
1712 1717 1
1713 1714 1
1716 2090 1
1716 2258 1
1722 1723 1
1724 1725 1
1728 1729 1
1729 1732 1
1730 1755 1
1732 2461 1
1734 1824 1
1735 1824 1
1735 1825 1
1735 2001 1
1735 2019 1
1735 1826 1
1736 1824 1
1736 1825 1
1737 1824 1
1737 1825 1
1738 1739 1
1738 1740 1
1738 1741 1
1742 1844 1
1742 2361 1
1743 1746 1
1744 1747 1
1747 2409 1
1748 1846 1
1749 1750 1
1752 1753 1
1756 1757 1
1757 2154 1
1757 1783 1
1757 2155 1
1760 2053 1
1760 1817 1
1760 2055 1
1764 1912 1
1764 1913 1
1764 1914 1
1767 1768 1
1770 1771 1
1770 1772 1
1771 1773 1
1771 1774 1
1773 1995 1
1773 2057 1
1773 2058 1
1775 1776 1
1776 2075 1
1778 1780 1
1778 1783 1
1779 1782 1
1781 1782 1
1783 2253 1
1783 2297 1
1783 2309 1
1786 2252 1
1786 2310 1
1786 2298 1
1786 2369 1
1787 1788 1
1787 1789 1
1787 1790 1
1787 1791 1
1787 1792 1
1788 1790 1
1788 1793 1
1789 1794 1
1790 1792 1
1790 1795 1
1790 1796 1
1790 1793 1
1791 1797 1
1792 1801 1
1792 1797 1
1793 1800 1
1794 1799 1
1794 1796 1
1796 1802 1
1798 1800 1
1799 1802 1
1806 2039 1
1806 2109 1
1806 2120 1
1806 2115 1
1806 2116 1
1808 1809 1
1810 1811 1
1812 1815 1
1813 1816 1
1813 1817 1
1813 1818 1
1813 1819 1
1814 1820 1
1816 2052 1
1816 1818 1
1817 2052 1
1817 2055 1
1818 2056 1
1819 1916 1
1819 2189 1
1821 2699 1
1824 1825 1
1824 1826 1
1827 1828 1
1827 1829 1
1827 1830 1
1827 1831 1
1827 1832 1
1827 1833 1
1827 1834 1
1828 1831 1
1828 1833 1
1829 1832 1
1829 1835 1
1830 1832 1
1830 1836 1
1830 1837 1
1830 1838 1
1830 1839 1
1831 1832 1
1831 1833 1
1831 1834 1
1832 1840 1
1832 1841 1
1832 1835 1
1833 1834 1
1836 2446 1
1836 1837 1
1837 1838 1
1838 2143 1
1838 2537 1
1843 1851 1
1845 1848 1
1845 1849 1
1847 1848 1
1848 1849 1
1850 1862 1
1852 1853 1
1852 1857 1
1853 1857 1
1854 1855 1
1854 1856 1
1855 1856 1
1858 1909 1
1858 2201 1
1861 2222 1
1865 2013 1
1865 2259 1
1865 2433 1
1866 1869 1
1866 1870 1
1868 1871 1
1869 1870 1
1869 1878 1
1870 1878 1
1872 1875 1
1873 1876 1
1874 1877 1
1874 1875 1
1875 1877 1
1876 1977 1
1876 1980 1
1876 1982 1
1876 1981 1
1877 1977 1
1879 2005 1
1879 2006 1
1879 1909 1
1881 1882 1
1881 1883 1
1884 2458 1
1886 2202 1
1890 1891 1
1890 1892 1
1890 1893 1
1891 2365 1
1891 1892 1
1891 2366 1
1892 2365 1
1893 2365 1
1896 1897 1
1896 1898 1
1899 1900 1
1899 1901 1
1900 1902 1
1901 1903 1
1901 1904 1
1902 1903 1
1902 2267 1
1902 2268 1
1903 2266 1
1903 1904 1
1904 2267 1
1905 1906 1
1905 1907 1
1905 1908 1
1906 1909 1
1906 1910 1
1906 1911 1
1906 1908 1
1910 1911 1
1911 2278 1
1912 2279 1
1912 2280 1
1912 2281 1
1912 2282 1
1912 2283 1
1912 2284 1
1912 2285 1
1912 2286 1
1912 1913 1
1912 2287 1
1912 2288 1
1914 2572 1
1919 2052 1
1920 1923 1
1920 1924 1
1920 1925 1
1921 1922 1
1921 1925 1
1921 1934 1
1922 1925 1
1924 1928 1
1924 1990 1
1925 1934 1
1926 1988 1
1927 1928 1
1927 1989 1
1928 1990 1
1929 2063 1
1930 2064 1
1932 2065 1
1933 2066 1
1935 1946 1
1935 1993 1
1935 1999 1
1935 2000 1
1936 1950 1
1937 1938 1
1938 2414 1
1938 2423 1
1938 2424 1
1938 2264 1
1939 1941 1
1942 1943 1
1942 1944 1
1943 2182 1
1943 2183 1
1944 2182 1
1946 1950 1
1946 1953 1
1947 1948 1
1947 1950 1
1947 1951 1
1948 1949 1
1948 1950 1
1948 1952 1
1949 1950 1
1949 1951 1
1949 1952 1
1950 1951 1
1950 1952 1
1950 1956 1
1950 1957 1
1950 1954 1
1950 1958 1
1950 1959 1
1950 1960 1
1951 1952 1
1953 1993 1
1955 2265 1
1955 2270 1
1958 2264 1
1976 2332 1
1977 1978 1
1977 1979 1
1978 1979 1
1978 1980 1
1978 1981 1
1979 1980 1
1979 1981 1
1980 1982 1
1980 1981 1
1981 1982 1
1981 2545 1
1986 1987 1
1989 1991 1
1989 1990 1
1989 1992 1
1991 1996 1
1991 1997 1
1991 1998 1
2004 2006 1
2006 2094 1
2008 2187 1
2009 2010 1
2009 2011 1
2010 2011 1
2011 2012 1
2012 2013 1
2013 2019 1
2013 2020 1
2014 2016 1
2014 2017 1
2015 2018 1
2019 2251 1
2021 2022 1
2021 2023 1
2021 2024 1
2022 2023 1
2022 2025 1
2022 2026 1
2022 2024 1
2023 2027 1
2025 2028 1
2026 2028 1
2028 2480 1
2030 2031 1
2034 2035 1
2034 2036 1
2035 2037 1
2036 2408 1
2037 2038 1
2038 2039 1
2038 2040 1
2038 2041 1
2039 2103 1
2039 2104 1
2039 2105 1
2039 2106 1
2039 2107 1
2039 2108 1
2039 2109 1
2039 2110 1
2039 2111 1
2039 2112 1
2039 2113 1
2039 2114 1
2040 2107 1
2040 2131 1
2040 2132 1
2042 2043 1
2042 2044 1
2042 2045 1
2042 2046 1
2042 2047 1
2042 2048 1
2043 2045 1
2043 2046 1
2043 2049 1
2044 2045 1
2044 2047 1
2044 2049 1
2045 2046 1
2045 2047 1
2045 2048 1
2045 2050 1
2045 2049 1
2046 2048 1
2046 2049 1
2047 2050 1
2047 2049 1
2048 2049 1
2049 2050 1
2052 2053 1
2055 2245 1
2057 2058 1
2057 2370 1
2058 2102 1
2059 2060 1
2060 2223 1
2061 2237 1
2061 2238 1
2061 2239 1
2062 2544 1
2073 2076 1
2073 2077 1
2073 2078 1
2073 2079 1
2073 2075 1
2074 2080 1
2074 2081 1
2074 2076 1
2074 2075 1
2074 2082 1
2074 2083 1
2075 2333 1
2076 2077 1
2076 2340 1
2076 2341 1
2077 2086 1
2077 2376 1
2077 2339 1
2077 2087 1
2077 2089 1
2077 2078 1
2077 2340 1
2077 2438 1
2078 2438 1
2078 2079 1
2078 2082 1
2080 2085 1
2080 2081 1
2080 2086 1
2080 2087 1
2081 2088 1
2081 2337 1
2085 2088 1
2085 2089 1
2086 2339 1
2087 2088 1
2087 2341 1
2088 2334 1
2088 2340 1
2091 2093 1
2093 2494 1
2093 2495 1
2093 2496 1
2096 2097 1
2097 2098 1
2099 2371 1
2100 2102 1
2101 2371 1
2101 2534 1
2102 2486 1
2102 2487 1
2103 2115 1
2104 2109 1
2104 2110 1
2104 2115 1
2104 2116 1
2105 2117 1
2106 2109 1
2106 2116 1
2106 2114 1
2107 2118 1
2108 2119 1
2109 2110 1
2109 2120 1
2109 2121 1
2109 2116 1
2109 2122 1
2109 2114 1
2109 2123 1
2109 2124 1
2109 2125 1
2109 2126 1
2109 2127 1
2109 2128 1
2110 2120 1
2110 2115 1
2110 2114 1
2111 2115 1
2111 2129 1
2112 2130 1
2113 2645 1
2113 2646 1
2114 2120 1
2114 2116 1
2114 2126 1
2115 2315 1
2115 2129 1
2116 2647 1
2116 2651 1
2116 2652 1
2116 2122 1
2116 2123 1
2116 2653 1
2116 2654 1
2116 2655 1
2116 2656 1
2117 2663 1
2118 2130 1
2120 2464 1
2120 2466 1
2120 2121 1
2121 2466 1
2121 2128 1
2123 2128 1
2124 2660 1
2125 2128 1
2126 2128 1
2127 2646 1
2127 2649 1
2127 2661 1
2127 2650 1
2128 2652 1
2128 2660 1
2129 2646 1
2130 2314 1
2130 2315 1
2131 2133 1
2132 2133 1
2136 2137 1
2138 2139 1
2139 2140 1
2139 2141 1
2140 2142 1
2140 2143 1
2144 2145 1
2145 2146 1
2145 2147 1
2149 2151 1
2150 2152 1
2150 2153 1
2151 2464 1
2152 2157 1
2157 2158 1
2158 2159 1
2164 2165 1
2164 2166 1
2168 2175 1
2171 2173 1
2171 2177 1
2171 2174 1
2172 2178 1
2173 2177 1
2173 2174 1
2174 2177 1
2175 2456 1
2179 2180 1
2179 2181 1
2182 2432 1
2185 2186 1
2188 2189 1
2188 2190 1
2189 2191 1
2192 2195 1
2193 2195 1
2194 2195 1
2195 2196 1
2203 2204 1
2203 2205 1
2203 2206 1
2203 2207 1
2204 2208 1
2204 2209 1
2204 2210 1
2204 2211 1
2204 2212 1
2205 2209 1
2208 2213 1
2209 2210 1
2209 2211 1
2209 2214 1
2210 2215 1
2210 2216 1
2210 2213 1
2211 2214 1
2212 2217 1
2212 2216 1
2212 2218 1
2214 2410 1
2214 2339 1
2215 2216 1
2216 2217 1
2219 2220 1
2220 2226 1
2225 2227 1
2225 2228 1
2228 2439 1
2229 2499 1
2230 2351 1
2231 2342 1
2232 2506 1
2242 2243 1
2247 2468 1
2252 2253 1
2252 2254 1
2252 2255 1
2253 2254 1
2253 2296 1
2253 2297 1
2253 2255 1
2254 2255 1
2254 2298 1
2259 2434 1
2260 2261 1
2262 2398 1
2264 2414 1
2264 2424 1
2264 2614 1
2266 2268 1
2271 2273 1
2273 2548 1
2273 2549 1
2274 2359 1
2275 2360 1
2279 2289 1
2280 2284 1
2281 2284 1
2282 2289 1
2283 2285 1
2283 2286 1
2283 2288 1
2283 2290 1
2285 2286 1
2285 2287 1
2285 2288 1
2285 2290 1
2286 2287 1
2286 2288 1
2286 2289 1
2287 2289 1
2289 2358 1
2291 2293 1
2295 2299 1
2296 2307 1
2296 2297 1
2298 2310 1
2298 2469 1
2301 2564 1
2307 2308 1
2307 2450 1
2308 2310 1
2308 2450 1
2310 2311 1
2311 2490 1
2313 2460 1
2314 2316 1
2314 2317 1
2316 2517 1
2316 2317 1
2318 2429 1
2319 2322 1
2320 2325 1
2321 2323 1
2321 2514 1
2321 2515 1
2321 2430 1
2323 2324 1
2323 2514 1
2323 2516 1
2324 2516 1
2326 2327 1
2335 2336 1
2335 2337 1
2335 2338 1
2336 2337 1
2336 2338 1
2337 2376 1
2339 2410 1
2340 2438 1
2340 2341 1
2343 2405 1
2344 2345 1
2349 2350 1
2351 2692 1
2352 2353 1
2363 2364 1
2365 2366 1
2367 2368 1
2370 2371 1
2372 2373 1
2374 2375 1
2377 2378 1
2377 2379 1
2377 2380 1
2378 2379 1
2378 2380 1
2380 2381 1
2380 2382 1
2381 2382 1
2383 2576 1
2386 2468 1
2387 2388 1
2388 2617 1
2389 2390 1
2392 2393 1
2392 2394 1
2392 2395 1
2392 2396 1
2393 2395 1
2393 2396 1
2394 2397 1
2394 2395 1
2394 2396 1
2395 2397 1
2395 2570 1
2395 2396 1
2396 2397 1
2397 2570 1
2400 2401 1
2402 2403 1
2404 2405 1
2406 2407 1
2413 2414 1
2413 2415 1
2413 2416 1
2413 2417 1
2413 2418 1
2415 2419 1
2416 2417 1
2417 2418 1
2418 2420 1
2419 2449 1
2425 2426 1
2425 2427 1
2425 2428 1
2426 2429 1
2427 2428 1
2428 2430 1
2428 2431 1
2428 2429 1
2430 2612 1
2430 2431 1
2431 2613 1
2433 2434 1
2436 2437 1
2440 2441 1
2440 2442 1
2441 2443 1
2441 2442 1
2442 2443 1
2444 2445 1
2446 2447 1
2448 2527 1
2452 2453 1
2453 2622 1
2453 2623 1
2454 2455 1
2455 2568 1
2456 2457 1
2462 2463 1
2464 2465 1
2464 2466 1
2464 2467 1
2465 2467 1
2469 2608 1
2470 2471 1
2471 2472 1
2472 2588 1
2473 2474 1
2475 2476 1
2477 2478 1
2481 2482 1
2482 2483 1
2484 2485 1
2491 2492 1
2491 2493 1
2492 2493 1
2497 2498 1
2500 2501 1
2502 2503 1
2507 2508 1
2507 2509 1
2508 2509 1
2511 2512 1
2512 2513 1
2518 2519 1
2518 2520 1
2518 2521 1
2519 2521 1
2520 2521 1
2523 2524 1
2523 2525 1
2523 2526 1
2524 2525 1
2524 2526 1
2525 2526 1
2528 2529 1
2528 2530 1
2528 2531 1
2529 2530 1
2530 2532 1
2530 2533 1
2533 2691 1
2534 2535 1
2534 2536 1
2535 2536 1
2536 2695 1
2538 2539 1
2540 2541 1
2542 2543 1
2554 2555 1
2555 2556 1
2557 2558 1
2560 2561 1
2562 2563 1
2564 2565 1
2566 2567 1
2568 2569 1
2570 2571 1
2574 2575 1
2577 2578 1
2580 2581 1
2582 2583 1
2582 2584 1
2582 2585 1
2584 2585 1
2586 2587 1
2589 2590 1
2591 2592 1
2593 2594 1
2596 2597 1
2598 2599 1
2600 2601 1
2600 2602 1
2602 2603 1
2604 2605 1
2608 2609 1
2610 2611 1
2618 2619 1
2620 2621 1
2624 2625 1
2626 2627 1
2628 2629 1
2630 2631 1
2632 2633 1
2634 2635 1
2634 2636 1
2634 2637 1
2634 2638 1
2635 2637 1
2636 2638 1
2637 2638 1
2639 2640 1
2641 2642 1
2643 2644 1
2647 2648 1
2647 2649 1
2649 2650 1
2650 2654 1
2650 2661 1
2652 2653 1
2652 2654 1
2653 2655 1
2653 2656 1
2655 2656 1
2657 2658 1
2657 2659 1
2658 2659 1
2662 2663 1
2663 2664 1
2663 2665 1
2663 2666 1
2667 2668 1
2669 2670 1
2669 2671 1
2669 2672 1
2670 2671 1
2671 2673 1
2671 2672 1
2672 2673 1
2674 2675 1
2676 2677 1
2678 2679 1
2680 2681 1
2682 2683 1
2682 2684 1
2683 2684 1
2685 2686 1
2687 2688 1
2689 2690 1
2693 2694 1
2697 2698 1
2700 2701 1
2702 2703 1
2704 2705 1
2706 2707 1
