332	2	3965	2
3965	2	2230	2
3965	2	424	7
3965	2	553	2
3965	2	990	2
3965	2	294	9
3965	2	3730	9
3965	2	1495	2
3965	2	3929	2
3965	2	872	2
3965	2	2318	2
3965	2	773	2
3965	2	3672	3
3965	2	3860	7
3965	2	1353	2
2230	2	1495	2
2230	2	3929	2
2230	2	990	2
2230	2	773	2
2230	2	553	2
2230	2	1353	2
424	7	3730	9
424	7	2604	14
553	2	3929	2
553	2	990	2
553	2	773	2
553	2	1353	2
990	2	1495	2
990	2	1353	2
990	2	773	2
1495	2	3929	2
1495	2	1353	2
1495	2	286	9
1495	2	1439	2
3672	3	2604	14
3672	3	505	9
3672	3	3284	9
3672	3	770	9
1439	2	4048	9
1439	2	3139	3
1439	2	1519	2
1439	2	1332	2
1439	2	1	2
1439	2	834	2
1439	2	533	2
1439	2	3420	2
1439	2	2512	2
3761	7	1192	2
1192	2	1834	3
1192	2	2546	7
1834	3	686	3
1834	3	1406	14
1834	3	2716	3
2305	9	3018	2
3018	2	335	3
335	3	2372	14
335	3	1360	3
335	3	2791	3
335	3	686	3
2372	14	1360	3
2372	14	2791	3
2372	14	686	3
1360	3	686	3
1360	3	2876	3
1360	3	2791	3
2791	3	686	3
2791	3	800	2
686	3	1375	9
686	3	2339	9
686	3	3728	9
686	3	2249	9
686	3	1463	5
686	3	2474	2
686	3	3925	9
686	3	304	9
2474	2	1515	2
2474	2	1659	11
1659	11	2553	10
1406	14	2716	3
2716	3	485	15
2716	3	3407	3
800	2	4106	9
485	15	2864	3
485	15	63	3
3407	3	2857	3
3407	3	4003	14
3407	3	1654	3
3407	3	2580	2
3407	3	3195	3
151	9	970	2
970	2	573	2
970	2	3741	7
970	2	4173	2
970	2	476	2
970	2	1503	3
573	2	476	2
573	2	244	3
476	2	2475	3
1503	3	3495	3
1503	3	1123	14
1503	3	1553	3
2475	3	1553	3
1553	3	244	3
3304	2	4390	2
4390	2	3495	3
3495	3	1123	14
2642	7	4082	2
2642	7	833	15
2642	7	2019	9
2642	7	2421	9
2642	7	409	14
4082	2	3870	9
4082	2	838	1
4082	2	3418	12
4082	2	1923	12
4082	2	2883	12
4082	2	2320	2
4082	2	198	9
4082	2	1287	2
4082	2	174	9
4082	2	2246	3
833	15	2246	3
833	15	781	15
2019	9	2246	3
2421	9	2479	3
409	14	2246	3
409	14	2479	3
3418	12	2908	12
1287	2	1362	9
1287	2	1145	2
1287	2	4110	3
1287	2	1103	9
1287	2	1064	9
1287	2	895	7
1287	2	2355	9
1287	2	23	9
1287	2	1242	2
1287	2	594	9
1287	2	2298	9
1287	2	2779	9
1287	2	1725	9
1287	2	1695	7
1287	2	1460	2
1287	2	1821	2
1287	2	4027	2
1287	2	35	9
1287	2	196	9
1287	2	4028	9
1287	2	2614	7
2246	3	97	9
2246	3	1088	9
2246	3	781	15
2246	3	2621	12
2246	3	2479	3
2621	12	558	12
2479	3	1392	3
2479	3	2969	3
2479	3	2931	9
2479	3	3332	9
2479	3	178	3
2479	3	2296	9
2479	3	1196	3
2479	3	4224	3
2479	3	940	3
2479	3	1891	3
2479	3	2760	3
178	3	1196	3
178	3	1891	3
1196	3	940	3
1196	3	1891	3
1145	2	1460	2
1145	2	4027	2
4110	3	1631	9
4110	3	4029	9
4110	3	2773	9
4110	3	866	9
4110	3	3996	15
4110	3	1111	14
4110	3	93	9
4110	3	1875	9
4110	3	3593	9
4110	3	2468	9
4110	3	1335	9
4110	3	1748	9
4110	3	2633	9
4110	3	4413	9
4110	3	687	9
4110	3	2371	9
4110	3	1357	9
4110	3	1433	9
4110	3	3743	3
4110	3	4223	9
4110	3	1691	9
4110	3	2158	9
895	7	3996	15
895	7	1111	14
895	7	196	9
1242	2	1460	2
1242	2	1821	2
1695	7	3996	15
1695	7	1111	14
2614	7	3996	15
2614	7	1111	14
634	2	747	2
634	2	1160	2
634	2	4351	2
634	2	1520	3
634	2	2238	2
634	2	1610	9
634	2	3525	7
634	2	331	9
747	2	4351	2
1520	3	2133	14
1520	3	4083	3
1520	3	1542	9
1520	3	604	9
2133	14	4083	3
4083	3	1396	15
1396	15	1197	3
3337	9	37	2
37	2	275	9
37	2	3725	9
37	2	2995	9
37	2	4138	3
37	2	4415	2
37	2	2396	2
37	2	2515	2
37	2	1143	2
37	2	3427	2
37	2	2096	2
37	2	498	2
37	2	3705	2
37	2	1582	2
37	2	3636	2
37	2	4299	2
37	2	3517	2
37	2	3042	9
37	2	1829	9
37	2	260	9
37	2	1241	9
37	2	3120	9
37	2	2322	9
37	2	3209	9
37	2	1456	9
37	2	1416	9
37	2	2636	9
37	2	2216	9
37	2	3713	9
37	2	2803	9
37	2	727	9
37	2	3519	9
37	2	2921	9
37	2	2872	9
37	2	1144	9
37	2	2602	9
37	2	1961	9
37	2	3580	9
37	2	2006	9
37	2	935	9
37	2	967	9
37	2	527	9
37	2	1577	9
37	2	979	9
37	2	1533	9
37	2	1561	9
37	2	4040	9
37	2	2195	9
37	2	631	9
37	2	3445	9
37	2	2856	9
37	2	852	9
37	2	1623	2
37	2	3701	9
37	2	4343	2
37	2	785	9
37	2	3700	9
37	2	2287	9
37	2	2887	9
37	2	1014	9
37	2	4136	9
37	2	2447	9
37	2	2291	9
37	2	2416	9
37	2	1534	9
37	2	4212	9
37	2	233	9
37	2	607	9
37	2	1405	9
37	2	337	9
37	2	1809	7
37	2	1078	9
37	2	2985	9
37	2	3811	9
37	2	629	2
37	2	938	9
37	2	3605	9
37	2	3902	9
37	2	783	2
37	2	454	2
37	2	753	2
37	2	1982	2
37	2	4382	2
37	2	688	2
4138	3	1627	9
4138	3	4167	9
4138	3	483	14
4138	3	1320	9
4138	3	2381	9
4138	3	4064	9
4138	3	3598	9
4138	3	2911	9
4138	3	2895	9
4138	3	4092	9
4138	3	2657	9
4138	3	1995	9
4138	3	2328	9
4138	3	2824	9
4138	3	2867	9
4138	3	1058	9
4138	3	3952	9
4138	3	1761	9
4138	3	1929	9
4138	3	3660	9
4138	3	1858	9
4138	3	1788	9
4138	3	1164	9
4138	3	1954	9
4138	3	1647	9
4138	3	3399	9
4138	3	2511	9
4138	3	789	9
4138	3	4298	9
4138	3	2800	9
4138	3	3638	9
4138	3	3677	9
4138	3	2975	9
4138	3	4060	9
4138	3	1970	9
4138	3	3339	9
4138	3	1762	9
4138	3	75	9
4138	3	236	9
4138	3	4193	9
4138	3	3075	9
4138	3	890	9
4138	3	1234	9
4138	3	2928	9
4138	3	202	9
4138	3	3454	9
4138	3	4366	9
4138	3	1404	9
4138	3	3958	9
4138	3	1382	9
4138	3	1816	9
2396	2	1143	2
2396	2	4299	2
1143	2	4299	2
1143	2	3636	2
1582	2	451	2
3636	2	4299	2
3209	9	1809	7
1809	7	4167	9
1809	7	3399	9
1809	7	3638	9
1809	7	2975	9
1809	7	483	14
454	2	2917	2
753	2	2917	2
753	2	688	2
753	2	4382	2
753	2	1982	2
1982	2	688	2
1982	2	4382	2
4382	2	688	2
4382	2	1932	3
451	2	3432	7
451	2	1347	3
451	2	3885	9
451	2	3912	7
451	2	1864	7
451	2	2734	7
451	2	2499	9
451	2	856	9
451	2	2070	9
451	2	2331	2
451	2	1415	2
451	2	969	9
451	2	905	9
451	2	585	9
451	2	809	9
451	2	2638	9
451	2	2787	9
451	2	2363	7
451	2	1556	7
451	2	3258	9
451	2	389	9
451	2	4376	9
451	2	3847	9
451	2	559	7
451	2	3826	9
59	9	517	3
59	9	1260	7
517	3	110	9
517	3	135	9
517	3	1971	9
517	3	1962	9
517	3	3671	9
517	3	782	9
517	3	2344	9
517	3	978	9
517	3	1766	9
517	3	661	9
517	3	3934	9
517	3	2695	9
517	3	3433	9
517	3	526	3
517	3	949	9
517	3	2046	14
517	3	1466	3
517	3	3957	2
517	3	2494	3
517	3	3477	9
517	3	1363	9
517	3	1317	9
517	3	2525	9
517	3	1698	9
517	3	1709	9
517	3	0	9
517	3	877	9
517	3	894	9
517	3	3380	9
517	3	4111	9
517	3	3279	9
517	3	4302	9
517	3	2357	9
517	3	2644	9
1260	7	2344	9
1260	7	978	9
1260	7	661	9
1260	7	3957	2
1260	7	949	9
1260	7	2953	9
1260	7	2046	14
1260	7	1251	9
1260	7	877	9
1260	7	3380	9
1260	7	4111	9
526	3	1466	3
526	3	2046	14
526	3	4304	9
526	3	1071	9
526	3	459	9
526	3	1950	9
526	3	4189	9
526	3	3199	9
526	3	3818	9
526	3	2619	9
526	3	2308	9
2046	14	1466	3
1466	3	3740	9
1466	3	2069	9
1466	3	1817	9
1466	3	3984	9
1466	3	1247	9
3957	2	1153	9
3957	2	2198	9
3957	2	1065	9
3957	2	2797	5
3957	2	878	2
3957	2	2953	9
3957	2	965	9
3957	2	1251	9
3957	2	2027	9
2494	3	3049	2
878	2	3049	2
2432	7	3254	2
2432	7	4096	9
3254	2	4096	9
3254	2	1769	9
3254	2	3441	9
3254	2	855	3
855	3	1197	3
855	3	4344	14
855	3	262	3
1197	3	4344	14
1197	3	262	3
4344	14	262	3
262	3	2398	9
1187	9	1705	2
1705	2	2533	2
1705	2	3475	3
3475	3	1188	3
3475	3	3176	14
3475	3	3331	9
3475	3	2569	9
1188	3	2538	15
1188	3	3176	14
2538	15	3401	3
2538	15	4221	3
2538	15	948	3
2538	15	1615	3
2538	15	3123	3
2538	15	1312	3
3329	2	2219	2
2219	2	253	3
2219	2	4216	9
2219	2	2772	9
2219	2	1042	2
2219	2	2500	12
2219	2	2247	9
2219	2	3614	9
2219	2	1525	2
253	3	3401	3
253	3	2781	14
253	3	4289	3
253	3	1169	9
253	3	1983	9
253	3	208	9
253	3	2430	9
253	3	4070	3
1042	2	2589	3
1042	2	1973	2
1525	2	1952	2
1525	2	972	2
1525	2	190	2
1525	2	1010	3
1525	2	2315	2
3401	3	2781	14
3401	3	4070	3
2781	14	4070	3
4070	3	4354	2
4289	3	1331	3
4289	3	1481	2
4289	3	2944	14
4289	3	1010	3
1331	3	3917	3
1331	3	1010	3
1331	3	2944	14
1331	3	2033	2
1331	3	3816	15
1481	2	479	2
2944	14	1010	3
1010	3	1637	9
1010	3	1767	9
1010	3	3576	9
1010	3	4391	9
1010	3	2307	9
1010	3	3189	9
1010	3	2138	9
1010	3	1283	3
1010	3	4301	3
1010	3	1402	9
1010	3	2139	9
1010	3	4426	9
1010	3	276	3
1010	3	748	3
3917	3	2589	3
3930	9	4354	2
1973	2	2109	3
1973	2	3972	2
1973	2	4059	9
1973	2	2559	9
1973	2	2725	2
1973	2	1842	7
1973	2	1373	7
2033	2	3116	2
3816	15	3262	3
1792	3	2032	14
1792	3	3998	3
1792	3	1812	3
1792	3	315	3
2032	14	1812	3
3998	3	958	2
3998	3	3289	3
3998	3	740	14
3998	3	2327	3
1812	3	2176	15
315	3	287	3
315	3	1340	9
315	3	2062	9
315	3	3119	9
315	3	4246	9
315	3	3674	9
315	3	1719	9
315	3	1094	9
315	3	1890	9
315	3	3111	9
315	3	828	3
315	3	2408	9
315	3	4148	9
315	3	3056	9
315	3	1653	9
315	3	3757	9
315	3	3026	9
315	3	3265	9
315	3	2156	9
315	3	3186	9
315	3	3631	9
315	3	2258	9
315	3	4185	9
315	3	3117	9
315	3	3423	9
315	3	3502	9
315	3	4145	9
315	3	1573	9
315	3	3429	9
315	3	2335	9
315	3	3118	9
315	3	3624	9
315	3	4009	9
315	3	1278	9
315	3	1235	9
315	3	3162	9
315	3	3675	14
315	3	738	2
315	3	4293	12
315	3	1487	9
315	3	2450	9
315	3	3383	9
315	3	2025	9
315	3	2197	3
315	3	4214	9
315	3	2010	9
315	3	754	9
315	3	3428	9
315	3	125	9
315	3	3970	9
315	3	1670	9
315	3	1499	9
315	3	550	9
315	3	2970	9
315	3	714	9
315	3	1522	9
315	3	3979	9
315	3	867	9
315	3	2919	9
315	3	3305	9
315	3	4144	3
315	3	1856	3
958	2	3124	2
958	2	2471	2
958	2	2959	2
958	2	369	2
958	2	281	2
958	2	3200	2
2327	3	3919	2
2327	3	2324	14
2327	3	947	9
3124	2	281	2
2471	2	2959	2
2471	2	2469	2
2471	2	2442	2
2471	2	3050	2
2471	2	2768	2
2471	2	3330	2
369	2	281	2
3200	2	4394	9
3200	2	2877	3
3200	2	3500	2
3919	2	167	11
167	11	2391	1
2877	3	139	14
2877	3	3148	9
2877	3	619	9
2469	2	3050	2
2469	2	2768	2
2469	2	2442	2
2469	2	2020	2
2469	2	2243	3
2442	2	3050	2
2442	2	2768	2
2442	2	4347	3
2442	2	1161	2
3050	2	1393	2
3050	2	1220	2
3050	2	2768	2
3050	2	2020	2
3050	2	3442	3
3050	2	2679	2
2768	2	2020	2
2768	2	2654	3
2768	2	1161	2
3330	2	3750	2
3330	2	2719	3
3330	2	546	2
3330	2	656	2
3330	2	2099	2
3330	2	118	2
2176	15	4235	3
2009	9	3085	3
3085	3	446	3
3085	3	1127	9
3085	3	234	9
3085	3	2696	9
3085	3	1008	9
3085	3	1166	9
3085	3	3457	9
3085	3	496	9
3085	3	1125	9
3085	3	3103	9
3085	3	2596	9
3085	3	868	3
3085	3	4117	9
3085	3	399	9
3085	3	2259	9
3085	3	2534	14
3085	3	811	15
3085	3	4143	3
3085	3	3715	2
3085	3	3497	9
3085	3	3303	3
3085	3	613	9
3085	3	2282	9
3085	3	3291	9
446	3	868	3
446	3	2037	3
446	3	2534	14
446	3	1594	3
868	3	247	9
868	3	3658	9
868	3	2534	14
868	3	2884	12
868	3	309	9
868	3	2702	9
868	3	2863	9
868	3	994	9
2534	14	166	7
811	15	166	7
3715	2	2272	2
3715	2	1963	9
3715	2	166	7
3715	2	1081	9
3715	2	3657	2
2272	2	4412	2
2272	2	3508	2
4412	2	1314	2
4412	2	3486	3
4412	2	696	9
4412	2	2077	2
4412	2	4407	2
4412	2	3462	2
4412	2	523	2
4412	2	3508	2
4412	2	2081	9
4412	2	2143	2
3508	2	2077	2
3508	2	2143	2
1963	9	166	7
14	9	314	3
314	3	1595	3
314	3	3365	3
314	3	3237	3
314	3	3909	9
314	3	980	14
314	3	3610	2
3365	3	3237	3
3365	3	307	9
3365	3	980	14
3237	3	976	3
3237	3	980	14
3237	3	1229	3
3237	3	3920	15
3610	2	1410	9
3610	2	3099	9
3610	2	659	2
3610	2	4061	2
3610	2	445	2
3610	2	2167	2
3610	2	4198	12
3610	2	1445	2
3610	2	719	2
3610	2	1754	2
3610	2	3028	9
3610	2	259	2
3610	2	1686	9
3610	2	2537	9
3610	2	95	9
3920	15	3553	3
3920	15	2400	3
659	2	4061	2
659	2	259	2
4061	2	719	2
4061	2	259	2
1445	2	719	2
32	9	3319	3
3319	3	1699	9
3319	3	3201	9
3319	3	4264	9
3319	3	4041	3
3319	3	3817	15
3319	3	2792	14
3319	3	3985	2
3319	3	2938	15
3319	3	1182	9
3319	3	2843	9
3319	3	547	9
3319	3	2218	9
3319	3	865	3
3319	3	1567	9
3319	3	2987	9
3319	3	4191	3
3319	3	1250	9
3319	3	3252	3
3319	3	4170	9
3319	3	4377	9
3817	15	2938	15
2792	14	865	3
3985	2	2458	9
2938	15	1066	15
865	3	2112	3
4191	3	599	2
3252	3	3606	2
3252	3	2590	9
3252	3	1778	9
3252	3	844	9
3252	3	3635	9
3252	3	3578	9
3252	3	4221	3
3252	3	2905	14
3252	3	1213	15
1800	9	3606	2
3606	2	1279	9
3606	2	3096	7
3606	2	2413	7
3606	2	1789	9
3606	2	3015	9
3606	2	2665	2
3606	2	2092	7
3096	7	2905	14
3096	7	3015	9
3096	7	3635	9
2413	7	2905	14
2413	7	3015	9
2092	7	2590	9
2092	7	2905	14
2905	14	4221	3
2112	3	3	2
2112	3	3514	3
3	2	1846	2
3	2	3699	2
3	2	4026	2
3514	3	3798	3
3514	3	1070	3
3514	3	570	9
3514	3	1947	9
3514	3	1221	14
3514	3	3390	9
1733	2	672	2
1733	2	599	2
1220	2	53	2
1220	2	944	2
2020	2	2679	2
3442	3	4056	14
3442	3	1030	3
3442	3	3311	3
2679	2	1019	3
53	2	2170	3
53	2	4252	2
53	2	2162	2
53	2	3884	2
53	2	484	2
944	2	2162	2
944	2	2047	5
944	2	45	3
2654	3	3311	3
2654	3	4347	3
2654	3	1967	3
1161	2	4126	2
1161	2	654	3
2243	3	3311	3
4347	3	1019	3
1019	3	3311	3
1019	3	186	14
1967	3	1119	3
1967	3	1899	3
1967	3	4021	3
1967	3	338	14
1967	3	3342	3
3941	2	2960	1
3941	2	155	4
3941	2	1432	2
3941	2	1710	3
155	4	1432	2
1432	2	3763	2
1432	2	278	2
1710	3	1683	3
1710	3	3501	3
1710	3	1802	9
1710	3	3030	3
1710	3	1539	3
1710	3	620	3
1710	3	1037	3
1710	3	2658	3
1710	3	1370	3
1710	3	583	3
1710	3	2169	3
1710	3	2751	3
1710	3	4104	3
1710	3	1306	14
2266	3	1683	3
1683	3	1306	14
3763	2	1370	3
278	2	2658	3
1370	3	2658	3
2658	3	3030	3
2658	3	2169	3
2658	3	4104	3
2751	3	1933	2
4104	3	2750	2
2750	2	1933	2
4080	9	2980	3
2980	3	376	9
2980	3	2459	9
2980	3	3348	9
2980	3	1996	3
2980	3	946	9
2980	3	1632	9
2980	3	4244	9
2980	3	1358	9
2980	3	4134	9
2980	3	2854	9
2980	3	3340	9
2980	3	3095	9
2980	3	2823	9
2980	3	605	9
2980	3	524	9
2980	3	370	9
2980	3	2932	9
2980	3	2852	9
2980	3	2879	9
2980	3	1621	3
2980	3	1591	3
2980	3	3927	2
2980	3	1777	3
2980	3	4091	14
2980	3	2455	3
2980	3	2677	9
1632	9	386	7
1621	3	1100	2
1621	3	1591	3
1621	3	2748	9
1621	3	4091	14
1591	3	1474	2
1591	3	2950	9
1591	3	597	3
1591	3	1026	9
1591	3	4107	15
1591	3	4091	14
3927	2	2202	9
3927	2	3779	9
3927	2	2873	7
3927	2	2518	2
3927	2	2521	1
3927	2	3589	9
3927	2	3966	9
3927	2	1038	9
3927	2	956	9
3927	2	386	7
2455	3	1848	3
2455	3	2842	3
2455	3	3179	2
2455	3	1173	14
2455	3	2326	9
2455	3	3661	9
2455	3	119	9
2455	3	2942	9
2455	3	177	9
2455	3	2812	9
2455	3	4175	9
2455	3	2022	9
2455	3	3640	9
2455	3	2572	9
2455	3	761	9
2455	3	284	9
2455	3	1108	9
2455	3	721	9
2455	3	416	9
2455	3	1790	9
2455	3	3161	9
2455	3	2516	9
2455	3	786	9
2455	3	3665	9
2455	3	2752	9
2455	3	3710	9
2455	3	3307	9
2646	9	1474	2
1219	9	1100	2
1100	2	2209	9
1100	2	1246	9
1100	2	899	2
4107	15	926	3
1848	3	1118	2
1848	3	2487	3
2842	3	1173	14
2842	3	2670	2
3179	2	1498	2
3179	2	1882	2
3179	2	1803	7
3179	2	3683	2
3179	2	2288	2
3179	2	2802	7
3179	2	4001	7
3179	2	3999	7
3179	2	3236	7
3179	2	998	7
3179	2	1366	2
3179	2	2007	9
3179	2	4364	9
3179	2	2379	9
3179	2	78	9
3179	2	1955	9
3179	2	4203	9
3179	2	1270	9
3179	2	2672	9
3179	2	3827	9
3179	2	2775	9
3179	2	705	9
3179	2	1409	9
3179	2	2722	9
3179	2	1708	9
3179	2	1791	9
3179	2	258	9
3179	2	1266	9
3179	2	83	9
3179	2	3820	9
3179	2	3074	9
3179	2	1339	9
3179	2	1794	9
3179	2	1004	9
3179	2	1006	9
3179	2	2436	9
3179	2	2289	9
3179	2	1663	9
3179	2	3001	9
3179	2	1118	2
3179	2	3943	9
3179	2	2496	9
3179	2	3183	9
1173	14	2802	7
1173	14	3999	7
1173	14	4001	7
1173	14	3236	7
119	9	3999	7
3161	9	3236	7
2516	9	3236	7
786	9	998	7
3710	9	3999	7
3893	2	764	2
764	2	1376	3
764	2	3742	2
764	2	843	2
764	2	2056	2
764	2	580	9
1376	3	3286	9
1376	3	611	3
1376	3	3038	14
1376	3	2961	3
1376	3	1752	9
3742	2	843	2
3742	2	2056	2
843	2	2056	2
611	3	3482	2
2961	3	1300	2
1300	2	3482	2
954	3	1583	3
954	3	2001	2
1583	3	3643	2
2001	2	1497	2
2001	2	1549	2
2001	2	387	2
2001	2	1175	2
3643	2	3129	2
1497	2	1549	2
1497	2	4324	9
1497	2	235	2
1549	2	1763	9
1549	2	4324	9
1549	2	2558	9
1549	2	235	2
1549	2	4219	9
1549	2	371	9
1549	2	3106	3
1549	2	1831	9
1549	2	3690	9
1549	2	639	9
1549	2	4030	9
1549	2	3527	9
1549	2	821	12
1549	2	3190	5
387	2	1175	2
1175	2	3803	9
1175	2	1407	9
1175	2	1746	3
1175	2	3458	9
1175	2	1338	9
1175	2	3769	9
1175	2	2336	2
1175	2	1399	9
3106	3	2393	3
3106	3	1587	14
3106	3	3506	3
3106	3	884	3
1587	14	3506	3
1587	14	884	3
3506	3	2382	2
3506	3	4150	9
3506	3	884	3
884	3	1464	3
3129	2	1464	3
2531	9	2382	2
2382	2	431	9
2170	3	45	3
45	3	4368	3
45	3	3540	3
45	3	1910	14
45	3	3835	3
45	3	1513	3
45	3	1009	9
45	3	3205	9
45	3	732	9
45	3	3114	9
45	3	1155	9
4252	2	2162	2
4252	2	484	2
4252	2	3884	2
4252	2	1716	2
4252	2	3540	3
2162	2	484	2
2162	2	3884	2
2162	2	1716	2
2162	2	2444	3
3884	2	484	2
3884	2	1513	3
484	2	4368	3
1716	2	3835	3
1716	2	2042	2
2444	3	1155	9
4368	3	1155	9
1155	9	3540	3
2042	2	2618	3
2042	2	3465	9
2042	2	560	9
2042	2	1782	9
2042	2	3588	9
2042	2	841	11
2042	2	1040	9
2042	2	2213	9
1475	3	1927	2
1475	3	4267	3
1927	2	3253	2
1927	2	3900	2
1927	2	4130	2
4267	3	3359	3
4267	3	4402	2
4267	3	4188	14
4267	3	1256	3
4267	3	3911	3
3253	2	3900	2
3253	2	1256	3
3253	2	4130	2
3900	2	2290	3
3900	2	4130	2
4130	2	3911	3
2290	3	3359	3
3359	3	4188	14
3907	9	985	3
985	3	2627	9
985	3	266	9
985	3	713	9
985	3	859	3
985	3	4340	9
985	3	136	9
985	3	3386	9
985	3	3396	9
985	3	851	9
985	3	2945	3
985	3	2140	9
985	3	534	9
985	3	374	3
985	3	1297	9
985	3	4102	9
985	3	89	2
985	3	1002	14
985	3	1576	9
89	2	2356	2
89	2	1718	2
89	2	2402	9
89	2	790	9
112	3	3562	14
112	3	2929	9
112	3	2171	9
112	3	1486	3
112	3	264	9
112	3	1915	9
112	3	4333	9
112	3	1753	9
112	3	4296	3
112	3	4345	9
112	3	213	9
112	3	3778	9
112	3	2278	9
3562	14	1486	3
3562	14	4296	3
1486	3	2270	2
1486	3	4296	3
4296	3	4363	2
4296	3	3355	3
4296	3	4088	15
1090	9	4363	2
2429	9	2270	2
2270	2	19	9
2270	2	3308	9
2270	2	1167	9
2270	2	658	9
2270	2	2399	1
3583	3	4242	3
4242	3	1874	3
4242	3	145	14
1874	3	1895	2
1874	3	3790	9
1874	3	2248	3
1874	3	3241	3
1874	3	145	14
1874	3	3809	3
1874	3	3283	3
1874	3	648	3
1874	3	3507	9
1516	2	1895	2
1895	2	2035	2
1895	2	3034	2
1895	2	756	9
1895	2	2242	0
1895	2	3600	9
1895	2	4205	2
2035	2	4205	2
3563	9	2224	3
2224	3	3706	9
2224	3	3673	9
2224	3	1749	9
2224	3	319	9
2224	3	2545	9
2224	3	1801	2
2224	3	1195	3
2224	3	797	3
2224	3	1128	3
2224	3	2102	3
2224	3	1645	3
2224	3	3936	3
2224	3	1541	14
2224	3	2556	3
2224	3	168	3
2224	3	848	9
2224	3	2888	9
2224	3	1924	9
1801	2	209	2
1801	2	3278	1
1801	2	1930	2
1801	2	2703	2
1801	2	1810	2
1801	2	3748	7
1801	2	810	9
797	3	3936	3
797	3	2102	3
797	3	1541	14
797	3	3295	9
797	3	2358	9
797	3	3851	9
797	3	4315	2
797	3	952	9
2102	3	3936	3
2102	3	1541	14
2102	3	69	3
2102	3	2345	3
2102	3	3352	9
2102	3	1138	9
1645	3	2556	3
1645	3	168	3
3936	3	2753	3
3936	3	1541	14
2556	3	168	3
4315	2	156	9
3020	3	1796	14
3020	3	1656	2
3020	3	3964	3
3020	3	107	3
3020	3	3558	9
1796	14	3964	3
1796	14	107	3
1656	2	171	9
3964	3	3496	3
3964	3	2912	15
3964	3	4077	3
3964	3	107	3
107	3	4342	3
107	3	3446	2
107	3	1461	3
2912	15	1412	3
2912	15	511	3
2912	15	4406	3
2912	15	3591	3
2912	15	3309	3
2912	15	1851	3
4342	3	1461	3
3446	2	3921	9
3446	2	364	9
3446	2	2279	9
791	2	1296	2
791	2	986	2
1296	2	1467	7
1296	2	986	2
1296	2	1672	2
1296	2	1252	3
1296	2	20	7
986	2	1672	2
1467	7	2362	9
1672	2	1964	3
1672	2	3633	2
1672	2	1883	2
1252	3	1678	9
1252	3	2362	9
1252	3	4308	14
20	7	2362	9
1964	3	625	9
3633	2	1309	3
3633	2	2979	9
3633	2	1948	9
3633	2	3266	2
3633	2	832	9
3633	2	1936	9
1883	2	1989	3
4283	3	2700	14
4283	3	4066	3
4283	3	2841	3
4283	3	1412	3
2700	14	2841	3
2700	14	1412	3
2841	3	2894	2
2841	3	3607	9
2841	3	1412	3
2841	3	3466	3
622	2	1880	2
622	2	2941	2
622	2	3321	2
622	2	2894	2
622	2	4018	2
622	2	1838	2
622	2	4196	2
1880	2	2894	2
2941	2	2894	2
2941	2	4196	2
3321	2	2894	2
2894	2	2367	2
2894	2	3287	2
2894	2	677	2
2894	2	662	2
2894	2	1838	2
2894	2	598	2
2894	2	3121	2
2894	2	1314	2
2894	2	3345	2
2894	2	2193	2
2894	2	201	2
2894	2	1133	2
2894	2	4018	2
2894	2	1020	2
2894	2	3239	2
2894	2	2093	2
2894	2	4196	2
2894	2	3845	2
4196	2	1133	2
4196	2	598	2
2367	2	3287	2
2367	2	1314	2
2367	2	3890	2
2367	2	1477	2
2367	2	1492	2
3287	2	1133	2
3287	2	1314	2
1314	2	201	2
1314	2	3239	2
3890	2	1492	2
1477	2	1492	2
1477	2	1854	2
1492	2	2613	2
1492	2	55	3
1492	2	1593	9
1492	2	2101	9
1492	2	552	9
1492	2	1854	2
1492	2	912	9
1492	2	1687	9
598	2	704	3
598	2	3491	7
598	2	3228	9
598	2	3819	9
598	2	2280	5
598	2	1440	9
598	2	2973	9
598	2	2482	9
598	2	313	7
3345	2	1020	2
3466	3	704	3
3466	3	3228	9
3466	3	2860	9
3466	3	2482	9
3466	3	2669	9
704	3	3565	9
704	3	1852	9
704	3	4072	9
704	3	1284	14
704	3	2939	15
704	3	150	9
704	3	4367	9
704	3	3409	3
704	3	2495	3
704	3	2699	9
704	3	3016	9
704	3	1644	9
704	3	2048	9
704	3	941	9
704	3	2860	9
704	3	2503	9
704	3	128	9
704	3	3492	9
704	3	3206	9
704	3	1389	9
704	3	182	9
704	3	2771	9
704	3	870	9
704	3	193	3
704	3	1282	9
704	3	3881	9
704	3	2669	9
704	3	861	9
704	3	2166	9
3491	7	4072	9
3491	7	2860	9
3491	7	2482	9
3228	9	3409	3
2482	9	3409	3
4197	2	2016	2
4197	2	4124	2
4197	2	3216	2
4197	2	1758	2
4197	2	4408	2
4197	2	3229	2
4197	2	352	2
4197	2	1968	2
4197	2	733	2
4197	2	2465	2
2016	2	4408	2
2016	2	1758	2
2016	2	3229	2
2016	2	352	2
2016	2	1968	2
2016	2	3216	2
2016	2	4124	2
2016	2	733	2
2016	2	2465	2
4124	2	4408	2
4124	2	1758	2
4124	2	3229	2
4124	2	352	2
4124	2	3216	2
4124	2	1968	2
4124	2	733	2
4124	2	2465	2
3216	2	4408	2
3216	2	1758	2
3216	2	3229	2
3216	2	352	2
3216	2	1968	2
3216	2	733	2
3216	2	2465	2
1758	2	4408	2
1758	2	3229	2
1758	2	352	2
1758	2	1968	2
1758	2	733	2
1758	2	2465	2
4408	2	3229	2
4408	2	352	2
4408	2	2484	3
4408	2	1968	2
4408	2	733	2
4408	2	2465	2
3229	2	1968	2
3229	2	352	2
3229	2	733	2
3229	2	2465	2
352	2	1968	2
352	2	733	2
352	2	2465	2
1968	2	733	2
1968	2	2465	2
733	2	2465	2
2484	3	3250	3
2484	3	697	3
2484	3	1559	3
2484	3	2615	3
2484	3	1939	14
2484	3	814	3
2484	3	576	3
697	3	3799	3
1939	14	576	3
576	3	1377	3
576	3	3951	12
576	3	4071	3
3799	3	4022	2
3799	3	3378	14
3799	3	4411	9
4022	2	4411	9
542	2	1061	2
542	2	3581	3
542	2	2732	2
542	2	1112	2
542	2	4181	2
1061	2	2732	2
1061	2	1112	2
1061	2	2125	2
1061	2	4181	2
1061	2	2163	2
1061	2	1822	2
3581	3	2671	3
3581	3	3559	3
2732	2	1112	2
2732	2	4181	2
2732	2	1885	3
2732	2	2125	2
2732	2	1822	2
1112	2	4326	3
1112	2	2125	2
1112	2	1822	2
4181	2	3780	3
4181	2	1822	2
2125	2	3559	3
2125	2	1822	2
2163	2	1822	2
1822	2	2671	3
1822	2	521	7
1822	2	2974	9
1822	2	1333	2
1822	2	1298	4
1822	2	3524	2
1822	2	602	9
2671	3	897	9
2671	3	763	9
2671	3	1793	9
2671	3	565	9
2671	3	1011	3
2671	3	85	14
897	9	1885	3
4326	3	3780	3
1885	3	2974	9
3402	2	1150	2
3402	2	1833	2
3402	2	3622	2
3402	2	2414	2
3402	2	3326	2
3402	2	4297	2
3402	2	722	2
3402	2	3520	2
3402	2	1638	2
3402	2	443	2
1150	2	3326	2
1150	2	4248	2
1150	2	1638	2
1150	2	3622	2
1150	2	4297	2
1150	2	443	2
1150	2	722	2
1150	2	3520	2
1150	2	1833	2
1150	2	2414	2
1833	2	3326	2
1833	2	3861	3
1833	2	1638	2
1833	2	3622	2
1833	2	4297	2
1833	2	443	2
1833	2	722	2
1833	2	3668	7
1833	2	2414	2
3622	2	1638	2
3622	2	2414	2
3622	2	3326	2
3622	2	722	2
3622	2	3520	2
3622	2	4297	2
3622	2	443	2
2414	2	2522	3
2414	2	1638	2
2414	2	443	2
2414	2	4424	1
3326	2	1638	2
3326	2	443	2
3326	2	981	3
3326	2	2445	7
4297	2	3953	3
4297	2	1638	2
4297	2	722	2
4297	2	443	2
722	2	443	2
722	2	4365	3
3520	2	1785	3
3520	2	443	2
1638	2	1855	3
1638	2	443	2
4248	2	626	3
3861	3	3032	3
3861	3	4404	3
2522	3	626	3
2522	3	3549	3
2522	3	3177	14
2522	3	3032	3
2522	3	4365	3
2522	3	3953	3
2522	3	214	3
2522	3	981	3
2522	3	4404	3
981	3	3032	3
981	3	4365	3
981	3	3953	3
981	3	4404	3
981	3	3751	3
981	3	4069	3
3953	3	3032	3
3953	3	4404	3
4365	3	3032	3
4365	3	1855	3
1785	3	3032	3
3032	3	1855	3
3032	3	4404	3
3751	3	2743	15
3751	3	3584	15
3751	3	2229	9
3751	3	4192	9
3751	3	2292	3
3751	3	516	3
3751	3	780	3
3751	3	1799	3
3751	3	1110	3
3751	3	628	3
3751	3	1238	3
3751	3	2404	14
3751	3	1321	3
3751	3	3510	3
3751	3	989	2
3751	3	3000	9
4069	3	716	3
4069	3	3384	3
4069	3	2926	3
4069	3	2456	3
4069	3	1177	3
4069	3	220	3
4069	3	2354	3
4069	3	2893	3
4069	3	1178	9
4069	3	378	3
4069	3	470	3
4069	3	2586	9
4069	3	2222	3
4069	3	1135	3
4069	3	1289	3
4069	3	3327	3
4069	3	1768	3
4069	3	2392	3
4069	3	3689	9
4069	3	854	3
4069	3	204	3
4069	3	3789	9
4069	3	1488	3
4069	3	2769	3
4069	3	2342	3
4069	3	66	3
4069	3	2412	3
4069	3	2060	3
4069	3	3379	3
4069	3	2948	3
4069	3	1348	3
4069	3	3080	14
4069	3	2251	2
4069	3	2742	9
4069	3	4115	3
4069	3	3293	3
4069	3	2845	3
4069	3	3097	3
4069	3	963	9
4069	3	3351	3
4069	3	4017	3
3852	3	3338	3
3338	3	2729	3
3338	3	2113	14
2729	3	3560	9
2729	3	2113	14
2729	3	972	2
972	2	2315	2
3116	2	190	2
276	3	748	3
748	3	2196	12
748	3	1121	14
748	3	1351	2
748	3	2470	9
748	3	3684	3
748	3	2021	9
748	3	2123	9
748	3	1920	9
748	3	3184	9
748	3	1494	9
748	3	745	9
748	3	4312	3
748	3	2706	9
748	3	901	9
748	3	1615	3
748	3	539	9
748	3	2971	9
748	3	2527	9
2605	9	1607	3
1607	3	2273	3
1607	3	334	3
1607	3	1372	14
1607	3	38	2
1607	3	1356	3
1607	3	522	3
1607	3	2796	9
1607	3	772	9
1607	3	2810	3
1372	14	1356	3
38	2	711	2
38	2	1096	2
38	2	4139	1
38	2	2164	2
38	2	185	2
1356	3	3721	3
711	2	1096	2
1096	2	2164	2
1096	2	185	2
2164	2	185	2
185	2	2988	2
2988	2	132	9
2988	2	3585	7
2988	2	2697	9
2988	2	3774	9
2988	2	1240	9
2988	2	509	9
2988	2	2028	9
2988	2	741	2
2988	2	4253	9
2988	2	651	9
2988	2	49	3
2988	2	3478	9
2988	2	1965	1
2988	2	2946	12
2988	2	3263	6
2988	2	1906	9
2988	2	4020	2
2988	2	160	9
2988	2	501	9
2988	2	3795	9
2988	2	1572	9
2988	2	617	9
1111	14	3743	3
3743	3	3463	2
3743	3	2351	3
3743	3	3933	12
3463	2	2692	2
3434	9	2276	3
2276	3	397	3
2276	3	458	3
2276	3	1478	3
2276	3	3931	3
2276	3	4220	3
2276	3	4099	2
2276	3	1655	14
2276	3	1316	3
2276	3	529	3
2276	3	1869	3
2276	3	3862	3
4099	2	2497	2
1655	14	1316	3
1316	3	3570	3
1316	3	3160	3
3235	9	1953	3
1953	3	3596	9
1953	3	3704	9
1953	3	3068	9
1953	3	3424	9
1953	3	2271	9
1953	3	3422	3
1953	3	2448	3
1953	3	1781	9
1953	3	2309	9
1953	3	2131	9
1953	3	217	3
1953	3	1113	3
1953	3	50	9
1953	3	3618	9
1953	3	587	14
1953	3	1629	3
1953	3	571	2
3422	3	2448	3
3422	3	217	3
587	14	1629	3
1629	3	3812	9
1629	3	449	9
1629	3	1990	9
1629	3	3455	9
1629	3	3647	9
1629	3	4359	9
571	2	2616	9
571	2	1818	2
571	2	3066	1
1974	9	1302	2
1302	2	3013	3
1302	2	3246	7
1302	2	502	9
1302	2	934	2
1302	2	1879	9
1302	2	950	9
3013	3	3791	3
3013	3	475	9
3013	3	2766	14
3013	3	447	3
3013	3	840	9
3013	3	1101	3
3013	3	4379	9
3013	3	2936	9
3013	3	922	9
3013	3	596	3
3246	7	2766	14
3246	7	1879	9
934	2	3051	2
3791	3	3051	2
2662	2	4037	2
2662	2	846	2
4037	2	846	2
846	2	1383	9
846	2	447	3
447	3	2766	14
447	3	1101	3
447	3	818	9
447	3	596	3
2766	14	1101	3
2766	14	596	3
1101	3	474	3
1101	3	596	3
596	3	3405	2
596	3	3526	3
2583	9	3405	2
3405	2	3150	9
277	3	3566	14
277	3	2764	3
277	3	2855	2
277	3	310	3
277	3	4207	9
277	3	4208	9
277	3	3553	3
277	3	302	9
3566	14	310	3
3566	14	2764	3
3566	14	3553	3
2764	3	310	3
2764	3	3141	3
2764	3	3553	3
2855	2	4372	9
2855	2	4122	2
2855	2	4121	1
2855	2	4247	9
310	3	3553	3
310	3	2574	9
3553	3	215	2
2334	9	215	2
215	2	1134	9
215	2	4012	2
1888	9	3408	2
3139	3	395	3
3139	3	3453	14
1519	2	834	2
1519	2	1	2
1332	2	834	2
1332	2	1	2
1332	2	3484	3
1332	2	3070	2
1332	2	1069	2
1	2	834	2
1	2	1069	2
1	2	3681	2
834	2	4378	9
834	2	2306	3
834	2	4023	2
834	2	1069	2
834	2	1697	2
834	2	3070	2
834	2	4396	2
834	2	3681	2
533	2	3420	2
533	2	768	3
3420	2	2512	2
3420	2	2461	3
2512	2	831	3
2512	2	2851	9
2512	2	1545	9
2512	2	5	2
2512	2	1614	9
2512	2	127	9
2512	2	525	9
2512	2	2601	9
2512	2	1276	9
2377	3	1828	2
2377	3	3754	14
2377	3	3452	3
2377	3	4231	9
3754	14	3452	3
3452	3	3469	2
3469	2	3010	12
3010	12	2168	12
395	3	3453	14
395	3	1207	15
1207	15	2018	3
1207	15	3723	3
1207	15	1200	3
2277	3	915	14
2277	3	3052	2
2277	3	3169	3
3052	2	4380	2
3052	2	2892	2
3052	2	987	2
3052	2	2207	2
3052	2	1502	2
3052	2	1228	2
3169	3	1330	3
3169	3	1999	3
4380	2	987	2
4380	2	4311	2
4380	2	2892	2
4380	2	2207	2
4380	2	1502	2
4380	2	1228	2
2892	2	987	2
2892	2	4311	2
2892	2	248	3
2892	2	2207	2
2892	2	1502	2
2892	2	1228	2
987	2	4311	2
987	2	2207	2
987	2	1502	2
987	2	1228	2
2207	2	1228	2
2207	2	1502	2
1502	2	4311	2
1502	2	1330	3
1502	2	1228	2
1228	2	4311	2
1228	2	1999	3
1228	2	4233	9
225	3	1330	3
225	3	1999	3
1999	3	1231	3
1999	3	1986	9
1999	3	1255	9
1999	3	1969	9
1999	3	3019	14
1999	3	1397	9
1397	9	248	3
1535	3	538	2
1535	3	2754	3
538	2	3993	2
2754	3	199	2
3993	2	4336	2
3993	2	3073	3
3993	2	4381	2
199	2	91	2
91	2	3282	3
3282	3	1174	3
3073	3	1174	3
3073	3	911	14
3073	3	2192	3
3073	3	3173	9
3073	3	1878	9
3073	3	699	9
1174	3	911	14
1174	3	671	15
671	15	2830	3
671	15	881	3
671	15	2934	3
671	15	2173	3
671	15	3992	3
1863	9	1336	3
1336	3	572	3
1336	3	2018	3
1336	3	407	3
1336	3	1626	14
1336	3	3247	2
1336	3	4042	9
572	3	1626	14
572	3	2018	3
572	3	368	9
2018	3	1626	14
2018	3	1482	3
3247	2	1823	5
3247	2	2868	9
102	2	3546	2
3546	2	1109	3
1109	3	3198	15
1109	3	3918	14
1109	3	3233	9
4112	9	1080	3
1080	3	3320	9
1080	3	4039	9
1080	3	3243	9
1080	3	3192	14
1080	3	2721	3
1080	3	2361	3
1080	3	4162	2
1080	3	3687	9
3192	14	2721	3
2721	3	4398	2
4162	2	1225	1
4162	2	2890	9
4162	2	4057	9
4162	2	2172	9
2269	9	1642	2
1642	2	2774	9
1642	2	2983	3
2983	3	2434	9
2983	3	170	9
2983	3	2036	9
2983	3	2303	9
2983	3	1700	9
2983	3	2226	9
2983	3	4200	9
2983	3	3561	9
2983	3	2264	9
2983	3	31	9
2983	3	162	9
2983	3	1839	9
2983	3	1067	9
2983	3	3967	9
2983	3	3053	9
2983	3	4119	9
2983	3	2978	9
2983	3	511	3
2983	3	2091	9
2983	3	3978	9
2983	3	1003	9
2983	3	2666	9
2983	3	418	3
2983	3	1435	9
2983	3	1775	9
2983	3	437	3
2983	3	1552	3
2983	3	2187	14
2983	3	2829	9
2983	3	1574	3
511	3	418	3
511	3	2187	14
418	3	2017	3
418	3	2187	14
4398	2	862	9
647	9	1690	2
1690	2	3035	9
1690	2	1425	3
1690	2	535	2
1690	2	2281	9
1690	2	3398	7
1690	2	246	9
1690	2	2741	9
1425	3	3898	14
1425	3	3628	9
1425	3	3611	9
1425	3	4406	3
1425	3	1272	9
1425	3	681	9
3398	7	3898	14
3398	7	681	9
1984	2	799	2
1984	2	3932	2
1984	2	183	2
799	2	3591	3
3932	2	2467	2
3932	2	183	2
183	2	4406	3
3591	3	603	3
3591	3	4055	14
2467	2	603	3
2467	2	2024	9
2467	2	1543	2
603	3	4055	14
603	3	2554	9
4406	3	3898	14
4140	9	2460	2
2460	2	1299	9
2460	2	3688	9
2460	2	3807	2
2460	2	2745	2
2460	2	3299	2
2460	2	3364	2
2460	2	2591	2
2460	2	2274	2
2460	2	577	2
2460	2	2220	2
2460	2	2038	2
2460	2	3146	2
2460	2	250	2
2460	2	4422	2
2460	2	1243	2
2460	2	2566	2
2460	2	133	2
2460	2	2523	2
2460	2	762	2
2460	2	3843	2
2460	2	2505	9
2460	2	528	9
2460	2	157	9
2460	2	1747	9
2460	2	2878	9
2460	2	730	7
2460	2	2735	9
2460	2	123	9
2460	2	3682	9
2460	2	1083	2
2460	2	121	9
2460	2	903	9
2460	2	413	9
2460	2	1054	9
2460	2	3516	9
2460	2	1400	3
2460	2	879	9
2460	2	957	9
2460	2	564	9
2460	2	1163	9
2460	2	632	9
2460	2	819	9
2460	2	1115	9
2460	2	2083	9
2460	2	2896	9
2460	2	3625	2
2460	2	3597	9
2460	2	2418	9
2460	2	1394	9
2460	2	1170	9
3807	2	1083	2
3807	2	2566	2
2745	2	4090	3
3364	2	2523	2
3364	2	577	2
3364	2	4327	2
3364	2	726	2
2591	2	577	2
2591	2	1243	2
2274	2	2566	2
577	2	2220	2
577	2	1243	2
2220	2	1083	2
3146	2	2566	2
4422	2	3625	2
1747	9	730	7
1083	2	3625	2
1400	3	2403	9
1400	3	486	9
1400	3	240	9
1400	3	2314	9
1400	3	4163	9
1400	3	2543	9
1400	3	2370	9
1400	3	1611	9
1400	3	67	9
1400	3	3648	3
1400	3	4227	14
1400	3	1055	9
1400	3	1972	9
1400	3	2813	9
1400	3	875	9
1163	9	4090	3
4327	2	726	2
726	2	3910	9
726	2	545	3
726	2	2419	9
726	2	2050	7
726	2	2228	2
726	2	569	9
726	2	2457	9
726	2	4086	9
726	2	2204	9
2180	3	1034	14
2180	3	3615	2
2180	3	1598	9
2180	3	3443	9
3615	2	3997	2
3615	2	3436	12
3615	2	663	2
3615	2	876	2
3615	2	729	2
3615	2	138	9
3615	2	4295	9
3997	2	729	2
3997	2	663	2
3997	2	3612	2
876	2	729	2
876	2	4054	2
876	2	3612	2
3612	2	4054	2
141	3	665	3
141	3	1493	3
141	3	2053	3
141	3	2106	14
141	3	1991	9
665	3	2053	3
665	3	2106	14
665	3	3653	2
665	3	3572	9
2053	3	2255	3
2053	3	1882	2
2053	3	1526	3
2053	3	2106	14
2053	3	2127	9
2053	3	2996	3
2053	3	4282	9
2053	3	543	3
3653	2	2104	9
1882	2	2325	9
1882	2	1118	2
1882	2	2288	2
543	3	1498	2
1803	7	1006	9
2288	2	1118	2
2802	7	2289	9
4001	7	1955	9
3999	7	705	9
3999	7	3001	9
3236	7	1794	9
2487	3	4006	3
2487	3	3901	2
2487	3	187	9
2487	3	3503	9
2487	3	988	3
2487	3	124	15
2487	3	4383	3
2487	3	3089	3
2487	3	1997	3
2487	3	997	14
2487	3	1813	3
2487	3	1035	3
2487	3	816	9
2670	2	2923	2
2676	9	71	2
71	2	3746	9
71	2	1491	9
71	2	2964	9
71	2	1510	9
71	2	3002	9
71	2	2428	9
71	2	2203	9
71	2	3787	9
71	2	2256	9
71	2	3678	9
71	2	1326	9
71	2	1479	3
71	2	3043	9
71	2	1755	9
71	2	1021	9
71	2	757	9
71	2	328	9
71	2	2312	9
71	2	2609	9
71	2	432	9
71	2	4210	2
71	2	2723	2
71	2	4388	2
71	2	3298	2
71	2	4346	2
71	2	536	2
71	2	3582	2
71	2	1421	2
71	2	1500	2
71	2	1787	9
71	2	349	9
71	2	25	9
71	2	356	9
71	2	589	9
71	2	3154	7
71	2	2071	9
71	2	2782	9
71	2	2643	9
71	2	3587	9
71	2	1198	9
71	2	609	9
71	2	2165	9
71	2	1107	9
71	2	4116	9
1326	9	3154	7
1479	3	339	9
1479	3	3358	9
1479	3	3203	9
1479	3	1183	9
1479	3	948	3
1479	3	3899	9
1479	3	1921	9
1479	3	4384	9
1479	3	3045	9
1479	3	4195	14
1479	3	2539	9
1479	3	210	9
1479	3	343	9
1479	3	1682	9
1479	3	684	9
1479	3	3542	9
1479	3	4075	9
1479	3	2350	9
1479	3	2592	9
1479	3	3895	9
1479	3	58	9
1479	3	2577	9
1479	3	4254	9
1479	3	2323	9
1479	3	106	9
1479	3	1036	9
4210	2	1500	2
4210	2	3582	2
2723	2	1500	2
2723	2	3582	2
2723	2	4388	2
2723	2	1554	2
2723	2	4270	2
2723	2	4348	2
4388	2	1500	2
4388	2	3582	2
4388	2	1421	2
4346	2	159	13
536	2	675	2
536	2	101	2
536	2	3821	2
3582	2	1500	2
3582	2	1421	2
3154	7	4195	14
948	3	2790	9
948	3	411	2
948	3	4195	14
948	3	3151	9
948	3	3360	9
948	3	4201	9
411	2	2840	9
411	2	4358	2
411	2	2897	9
1554	2	4270	2
1554	2	211	2
1554	2	4348	2
4270	2	3261	9
4270	2	4068	9
4270	2	2561	2
4270	2	693	9
4270	2	36	3
4270	2	2595	9
4270	2	211	2
4270	2	3727	9
4270	2	4348	2
4348	2	211	2
675	2	101	2
101	2	2387	3
3821	2	1343	2
2743	15	3584	15
3584	15	2951	15
2229	9	1110	3
1799	3	1865	3
1799	3	2755	14
1321	3	3510	3
1321	3	4021	3
1321	3	3342	3
3510	3	1784	14
3510	3	2478	2
989	2	1589	9
989	2	3792	9
989	2	3264	2
1865	3	2128	3
1865	3	2755	14
4021	3	1324	2
4021	3	268	9
4021	3	1025	14
4021	3	3166	5
4021	3	642	9
4021	3	2626	9
1784	14	3766	7
2478	2	3766	7
1589	9	3264	2
147	9	287	3
287	3	4263	9
287	3	2049	9
287	3	1084	9
287	3	635	9
287	3	1062	9
287	3	678	12
287	3	2417	14
287	3	3255	2
287	3	3669	9
287	3	2598	9
287	3	2466	9
287	3	2477	9
287	3	2159	9
287	3	4159	9
287	3	1310	9
287	3	2197	3
3255	2	300	2
3255	2	2234	12
3255	2	3136	12
3255	2	2441	12
3255	2	4118	12
3255	2	2330	2
3255	2	1942	9
3255	2	4258	7
3255	2	398	9
3255	2	2903	2
3669	9	4258	7
2466	9	738	2
1310	9	738	2
300	2	2330	2
2330	2	3804	2
4118	12	482	12
2903	2	738	2
2903	2	2689	2
2903	2	1643	2
2903	2	1211	3
2903	2	999	2
738	2	2136	7
738	2	1507	9
738	2	1236	2
738	2	541	2
738	2	2275	2
738	2	3029	2
738	2	2689	2
738	2	1643	2
738	2	402	9
4246	9	2136	7
828	3	57	12
828	3	3675	14
828	3	230	9
828	3	4392	9
828	3	3544	9
828	3	1701	9
3502	9	2136	7
3429	9	2136	7
1278	9	2136	7
1235	9	2136	7
3675	14	2136	7
2010	9	2136	7
3428	9	2136	7
867	9	2136	7
541	2	1643	2
2689	2	1643	2
2689	2	3857	2
2689	2	999	2
2689	2	2885	3
2689	2	3856	2
1211	3	1727	3
1211	3	2885	3
999	2	3857	2
999	2	3758	3
3857	2	2068	2
3857	2	131	7
3857	2	1727	3
3857	2	4129	2
3856	2	1584	3
88	3	1975	2
88	3	257	14
88	3	1137	9
88	3	802	9
88	3	2581	9
1121	14	1615	3
1351	2	2114	9
1351	2	3504	2
1351	2	148	1
1351	2	1033	2
1615	3	1841	3
3504	2	2072	7
3504	2	4236	3
2072	7	3128	14
2072	7	3393	15
3128	14	4236	3
3128	14	2830	3
3393	15	4236	3
4236	3	2830	3
2901	9	2857	3
2857	3	951	9
2857	3	1423	9
2857	3	3195	3
2857	3	1428	3
2857	3	4003	14
2857	3	3040	4
2857	3	3397	2
2857	3	1654	3
2857	3	2116	3
2857	3	2210	9
3195	3	4003	14
3195	3	1654	3
3195	3	1000	3
4003	14	1654	3
3397	2	3267	2
3397	2	329	2
3397	2	2519	2
3397	2	2620	2
3397	2	3196	5
3397	2	3755	9
3397	2	3634	9
1654	3	2121	3
2116	3	1600	2
2210	9	2519	2
1600	2	3267	2
1600	2	329	2
1600	2	2519	2
1600	2	2620	2
329	2	2620	2
2519	2	2746	0
2746	0	2580	2
3513	9	2454	2
2454	2	1976	9
2454	2	144	3
144	3	900	3
144	3	3718	14
545	3	1291	9
545	3	323	14
545	3	3134	3
545	3	4108	9
2050	7	323	14
2050	7	2457	9
2050	7	4108	9
323	14	3134	3
3134	3	3389	15
3389	15	3853	3
3389	15	351	3
3389	15	2777	3
3389	15	942	3
1068	9	3855	2
3855	2	813	9
3855	2	900	3
900	3	367	9
900	3	3718	14
2201	9	3290	3
3290	3	1601	9
3290	3	2650	9
3290	3	1424	9
3290	3	2629	9
3290	3	4141	9
3290	3	4006	3
3290	3	1384	9
3290	3	2563	9
3290	3	3707	9
3290	3	1847	9
3290	3	1575	9
3290	3	3719	9
3290	3	2783	9
3290	3	4355	9
3290	3	73	9
3290	3	2673	9
3290	3	4215	9
3290	3	305	9
3290	3	1126	9
3290	3	2483	9
3290	3	2152	9
3290	3	412	9
3290	3	3646	9
3290	3	2186	3
3290	3	921	9
3290	3	3768	9
3290	3	146	9
3290	3	2653	3
3290	3	2705	9
3290	3	1346	9
3290	3	2667	9
3290	3	2286	9
3290	3	2422	9
3290	3	429	9
3290	3	4211	9
3290	3	2967	9
3290	3	4250	9
3290	3	2132	9
3290	3	2026	9
3290	3	2535	9
3290	3	2501	9
3290	3	4290	9
3290	3	2498	9
3290	3	3476	9
3290	3	113	9
3290	3	1745	9
3290	3	2999	9
3290	3	2205	3
3290	3	2712	9
3290	3	2965	9
3290	3	1378	9
3290	3	2332	9
3290	3	3692	9
3290	3	3382	9
3290	3	1327	9
3290	3	4322	9
3290	3	500	3
3290	3	3149	2
3290	3	2610	3
3290	3	2435	14
3290	3	3708	3
3290	3	492	9
3290	3	1898	9
3290	3	2384	9
3290	3	1204	9
3290	3	2866	9
3290	3	1091	9
3290	3	3505	9
3290	3	3926	9
3290	3	4272	9
3290	3	2206	9
3290	3	3552	9
3290	3	104	9
3290	3	2208	9
3290	3	3528	9
3290	3	2389	9
3290	3	2925	9
3290	3	808	9
3290	3	2105	9
3290	3	70	9
3290	3	4131	9
3290	3	3532	9
3290	3	2698	9
3290	3	1565	9
3290	3	793	9
3290	3	822	9
3290	3	4357	9
3290	3	3784	9
3290	3	907	9
3290	3	3733	9
3290	3	2630	3
3290	3	2641	9
3290	3	149	9
3290	3	2549	9
3290	3	3277	9
3290	3	3726	9
3290	3	692	9
3290	3	720	9
3290	3	3107	9
3290	3	1960	9
3290	3	615	9
3290	3	1558	9
2650	9	1901	7
1424	9	1901	7
921	9	1901	7
2653	3	2435	14
2653	3	2348	9
2653	3	2828	9
2653	3	3391	9
2653	3	1114	3
2705	9	1901	7
2205	3	1592	2
3692	9	1901	7
500	3	134	2
3149	2	1901	7
3149	2	2517	9
3149	2	51	9
3149	2	3604	9
3149	2	749	9
3149	2	480	9
3149	2	52	2
3149	2	1956	2
3149	2	1341	2
3149	2	1368	9
2610	3	3172	2
2610	3	480	9
2435	14	1901	7
2384	9	1901	7
692	9	1901	7
1901	7	480	9
52	2	1956	2
52	2	134	2
52	2	1341	2
52	2	1592	2
1956	2	1592	2
1956	2	1341	2
1956	2	134	2
1341	2	134	2
1341	2	1592	2
134	2	3172	2
134	2	1592	2
1592	2	3172	2
4093	3	3381	14
4093	3	249	2
4093	3	2724	9
249	2	465	1
4225	2	3901	2
3901	2	1639	2
3901	2	2784	9
3901	2	2074	7
3901	2	4313	1
3901	2	1129	9
2074	7	3503	9
2074	7	124	15
2376	3	172	14
2376	3	4269	2
2376	3	960	3
2376	3	499	3
2376	3	1720	9
172	14	960	3
960	3	1949	9
960	3	1227	9
860	9	3309	3
3309	3	4109	9
3309	3	4329	9
3309	3	1130	9
3309	3	4178	9
3309	3	1072	9
3309	3	350	9
3309	3	3256	9
3309	3	3649	9
3309	3	143	9
3309	3	975	9
3309	3	1987	9
3309	3	2439	9
3309	3	880	9
3309	3	1222	3
3309	3	2663	14
3309	3	2685	9
3309	3	1688	9
3309	3	272	9
3309	3	1001	9
3309	3	2865	9
3309	3	774	9
3309	3	3662	9
1222	3	3805	2
1222	3	1528	9
1222	3	2040	9
1222	3	3877	9
1222	3	478	9
1222	3	1148	3
1222	3	3467	9
1222	3	1702	9
1222	3	1902	3
1222	3	3081	3
1222	3	3133	3
1222	3	2663	14
1222	3	1928	9
557	9	3805	2
3805	2	489	7
3805	2	2283	2
2283	2	375	2
2040	9	3133	3
2040	9	1902	3
3081	3	375	2
4403	9	2109	3
2109	3	2194	3
2109	3	1268	14
2109	3	3734	9
2109	3	2555	9
2109	3	2504	3
2109	3	430	9
1268	14	2504	3
2504	3	3221	2
2504	3	4133	15
3601	9	452	3
452	3	1156	14
452	3	77	2
77	2	817	9
77	2	2174	2
77	2	812	2
77	2	3670	9
812	2	3670	9
3972	2	2725	2
4059	9	1373	7
3887	2	3221	2
3221	2	363	2
4133	15	508	3
3431	14	2329	7
3431	14	1018	3
3431	14	2825	3
2329	7	514	9
2329	7	706	2
1018	3	3300	9
1018	3	2825	3
2825	3	706	2
2825	3	2838	9
514	9	706	2
2927	3	231	14
2927	3	2449	2
2927	3	530	9
2927	3	2087	9
2927	3	64	3
231	14	64	3
2449	2	984	9
64	3	405	15
1905	9	2715	7
1905	9	679	3
1905	9	4316	7
2715	7	1912	2
2715	7	2935	14
679	3	1912	2
679	3	2935	14
679	3	2707	9
4316	7	1912	2
1912	2	2599	9
405	15	3729	3
649	9	2520	3
2520	3	2185	9
2520	3	4	9
2520	3	2352	2
2520	3	1337	14
2520	3	2043	3
2520	3	623	9
2520	3	3879	9
2520	3	2611	9
2520	3	3276	9
2520	3	80	9
2352	2	154	9
2352	2	1804	9
2352	2	3470	9
1337	14	2043	3
2043	3	1850	3
2043	3	991	3
2043	3	1876	3
2043	3	295	2
2043	3	1158	3
2043	3	3213	3
2043	3	1313	3
2043	3	644	9
2043	3	427	3
2043	3	3268	3
2043	3	667	3
1850	3	991	3
295	2	29	2
1158	3	297	2
1158	3	3213	3
3213	3	2110	3
427	3	4339	2
427	3	2952	14
3268	3	197	2
3268	3	2949	14
197	2	29	2
29	2	4339	2
29	2	2524	2
29	2	297	2
4339	2	2937	7
2524	2	297	2
2524	2	4410	7
2524	2	590	3
2110	3	2400	3
2110	3	1866	14
2110	3	1381	3
2110	3	710	3
2110	3	2680	3
2110	3	3603	2
2110	3	600	9
2110	3	241	9
2110	3	2076	9
2110	3	916	9
2110	3	4273	9
2110	3	4025	9
2110	3	105	9
2110	3	4281	9
2110	3	2064	9
2110	3	2989	9
2110	3	3608	9
2110	3	932	9
2110	3	807	9
2110	3	2871	9
2110	3	1162	9
2937	7	2952	14
4410	7	680	15
590	3	3297	9
590	3	2578	9
590	3	1564	9
590	3	1940	9
590	3	108	9
590	3	3376	9
590	3	1465	9
590	3	4186	9
590	3	1496	9
590	3	1612	9
590	3	2261	9
590	3	2293	9
590	3	593	14
590	3	680	15
590	3	3937	9
590	3	4349	9
590	3	2777	3
590	3	1779	9
191	3	1562	3
191	3	1599	14
191	3	2899	9
191	3	2898	3
1562	3	2346	2
1562	3	1599	14
1562	3	2898	3
1599	14	2898	3
2898	3	1281	9
2898	3	39	2
2898	3	122	15
2346	2	655	2
2346	2	3187	2
2346	2	1538	2
2346	2	869	2
1029	9	655	2
655	2	4291	3
655	2	3127	2
655	2	869	2
4291	3	3626	3
4291	3	100	14
4291	3	4164	12
869	2	388	3
795	9	3626	3
3626	3	100	14
39	2	1514	9
122	15	439	3
388	3	3759	14
388	3	4277	3
3759	14	4277	3
4277	3	1514	9
1746	3	2115	3
1746	3	438	14
1746	3	4387	3
3709	9	2147	3
3709	9	2188	2
2147	3	1712	9
2147	3	1157	9
2147	3	1253	3
2147	3	2188	2
2147	3	280	14
2147	3	914	9
2147	3	3125	9
2147	3	3374	9
2147	3	1171	9
2147	3	393	9
2147	3	937	9
2147	3	3105	9
2147	3	4169	9
2188	2	1712	9
2188	2	1157	9
2188	2	914	9
2188	2	3125	9
2188	2	1452	9
2188	2	3374	9
2188	2	1171	9
2188	2	393	9
2188	2	937	9
2188	2	3105	9
2188	2	4169	9
1253	3	2119	9
1253	3	2623	2
1253	3	280	14
1253	3	3057	9
566	3	2115	3
2115	3	3060	15
2115	3	438	14
3060	15	2212	3
3060	15	3961	3
2623	2	3975	9
734	3	1385	2
734	3	2649	9
1385	2	4067	2
1385	2	2063	2
1385	2	2726	2
1385	2	1849	2
1385	2	3599	2
2649	9	2587	3
2649	9	2063	2
2649	9	4399	3
4067	2	1342	3
4067	2	2063	2
4067	2	1849	2
2063	2	3599	2
2063	2	3361	9
2063	2	2726	2
2063	2	4330	3
2063	2	606	9
2063	2	830	2
2063	2	1714	9
2063	2	1849	2
2063	2	2120	7
2063	2	425	9
2726	2	3599	2
2726	2	1849	2
2726	2	4399	3
1849	2	3599	2
3599	2	2587	3
2587	3	1342	3
1342	3	3361	9
4330	3	4182	14
4330	3	735	9
4330	3	3498	9
830	2	4374	3
2120	7	4182	14
2120	7	735	9
425	9	4374	3
425	9	4399	3
2906	9	3296	3
3296	3	2835	9
3296	3	3904	9
3296	3	2052	9
3296	3	76	9
3296	3	4331	9
3296	3	1149	9
3296	3	669	3
3296	3	3976	14
3296	3	2560	2
3296	3	3425	3
3296	3	3858	9
3296	3	1957	9
3296	3	2869	9
3296	3	4103	9
3296	3	3280	9
3296	3	1122	9
3296	3	3866	9
669	3	3425	3
669	3	3976	14
669	3	736	9
669	3	384	9
669	3	701	9
669	3	453	9
669	3	1012	9
669	3	3093	9
669	3	487	9
3976	14	3425	3
3976	14	18	7
2560	2	1657	9
2560	2	11	2
2560	2	924	1
2560	2	450	7
2560	2	18	7
2560	2	33	9
3425	3	3896	9
3425	3	4033	9
3425	3	1429	9
1957	9	18	7
4103	9	18	7
3866	9	450	7
11	2	379	7
18	7	2756	9
18	7	3680	9
18	7	3980	9
641	3	3573	2
641	3	835	3
3573	2	2295	2
835	3	3574	2
2295	2	3191	3
2295	2	581	2
3191	3	3197	14
3191	3	857	3
3197	14	857	3
857	3	1548	2
857	3	2798	9
581	2	1244	3
966	3	1509	2
966	3	928	14
966	3	2265	9
2564	9	1548	2
1244	3	929	14
1244	3	96	3
929	14	96	3
96	3	2954	2
700	9	3164	2
3164	2	4016	3
4016	3	3989	3
4016	3	2321	14
4016	3	3776	9
3208	2	510	2
510	2	2694	3
2694	3	36	3
2694	3	3062	14
36	3	269	9
36	3	3062	14
36	3	788	9
3989	3	1935	9
3989	3	2321	14
3989	3	238	2
238	2	3523	9
238	2	1403	9
556	9	689	3
689	3	1369	3
689	3	2593	3
689	3	2634	9
689	3	2575	9
689	3	239	3
689	3	3343	3
689	3	3521	3
689	3	2986	9
689	3	3522	9
689	3	2870	3
689	3	3651	9
689	3	1232	2
689	3	2801	3
689	3	320	14
689	3	779	9
689	3	3654	9
689	3	2300	9
689	3	4309	9
689	3	1527	9
689	3	1154	3
689	3	2668	9
1369	3	3343	3
1369	3	1154	3
2593	3	3242	9
239	3	3343	3
3343	3	2801	3
3343	3	1154	3
1232	2	3242	9
1232	2	1743	9
1232	2	1707	2
2801	3	1154	3
3333	9	863	3
863	3	4049	9
863	3	1013	9
863	3	2900	9
863	3	1578	9
863	3	3632	9
863	3	2836	9
863	3	288	3
863	3	2847	14
863	3	3637	2
301	2	4126	2
301	2	203	3
203	3	1419	14
203	3	3711	9
891	3	2030	3
891	3	654	3
2030	3	654	3
654	3	2681	3
654	3	2481	14
654	3	2704	3
654	3	227	3
654	3	3830	3
654	3	3088	3
654	3	724	3
654	3	1436	3
2481	14	1436	3
724	3	2719	3
724	3	27	3
1436	3	1868	3
2719	3	931	9
2719	3	1218	9
2719	3	3739	9
2719	3	3712	3
2719	3	4053	9
2719	3	1892	9
2719	3	439	3
2719	3	62	14
2719	3	2506	3
2719	3	2659	3
2719	3	3736	3
2719	3	27	3
2719	3	326	3
2719	3	385	9
2719	3	1172	9
2719	3	1408	9
2701	3	2366	2
2701	3	824	14
2701	3	3981	3
2701	3	2718	3
2366	2	1097	2
3981	3	2818	3
3981	3	2718	3
2718	3	2818	3
2718	3	1536	3
1097	2	2818	3
2818	3	1017	3
2818	3	925	3
2818	3	1275	14
2818	3	1536	3
2818	3	1388	9
2818	3	2089	9
2818	3	92	9
2818	3	728	9
2818	3	1666	9
2818	3	2962	9
2818	3	1226	3
2818	3	3547	9
1721	3	1017	3
1017	3	1189	3
1017	3	4369	3
1017	3	886	3
1017	3	1275	14
1017	3	1226	3
1275	14	1226	3
1226	3	1728	2
1226	3	2486	9
1536	3	1945	3
1945	3	690	3
1945	3	2568	2
1945	3	2848	3
1945	3	1345	3
1945	3	3232	9
1945	3	4335	9
1945	3	1625	9
1945	3	906	9
1945	3	3703	3
1945	3	579	9
1945	3	26	9
1945	3	803	3
1945	3	1152	14
1945	3	4230	9
1945	3	463	3
1945	3	2530	3
1945	3	3619	9
1945	3	4421	9
1945	3	3829	9
1945	3	3395	9
1945	3	1609	9
1945	3	2341	9
1945	3	2473	9
1945	3	1684	9
1945	3	1208	9
423	9	1728	2
1728	2	2547	9
752	3	3533	3
752	3	2509	3
752	3	2690	3
752	3	3567	3
752	3	2380	14
752	3	1531	2
752	3	1265	3
752	3	4213	3
752	3	3982	9
752	3	223	9
752	3	9	9
752	3	466	3
2380	14	1265	3
1531	2	575	9
1531	2	2804	9
1531	2	1742	2
1531	2	1205	2
1531	2	4305	2
1531	2	2013	9
1265	3	926	3
4213	3	531	2
3982	9	1205	2
1742	2	531	2
1742	2	1205	2
1205	2	4305	2
926	3	616	3
926	3	2034	3
926	3	1815	3
926	3	3456	3
926	3	2084	3
926	3	457	3
926	3	4137	3
926	3	12	14
926	3	40	3
926	3	3315	3
926	3	562	3
457	3	4078	2
457	3	229	9
457	3	3178	9
457	3	4154	3
457	3	1102	3
457	3	251	3
457	3	12	14
457	3	1602	9
457	3	3388	3
457	3	2739	9
457	3	909	9
12	14	3353	7
3956	2	353	2
353	2	3959	2
353	2	2057	2
353	2	1223	9
353	2	3991	2
353	2	1280	2
353	2	473	2
353	2	1027	3
2057	2	1648	3
1223	9	3908	3
1223	9	1648	3
3991	2	21	3
3991	2	4325	2
1280	2	3908	3
1280	2	4325	2
1027	3	1925	3
1027	3	1264	3
1027	3	1922	14
1027	3	1764	3
1925	3	3908	3
1925	3	1648	3
3908	3	21	3
3908	3	1648	3
1648	3	21	3
1648	3	1764	3
1764	3	4325	2
4031	2	3767	2
4031	2	1862	2
3767	2	1862	2
1862	2	4228	3
1862	2	1914	9
4228	3	4190	3
4228	3	743	3
4228	3	1438	3
4228	3	1724	3
4228	3	3140	3
4228	3	1776	14
4228	3	4152	3
4228	3	3794	3
4228	3	2933	3
1199	9	4190	3
4190	3	1776	14
4190	3	743	3
1776	14	743	3
743	3	2227	3
1438	3	1760	3
1760	3	554	9
1760	3	806	9
1760	3	2122	9
1760	3	4294	9
1760	3	1458	9
1760	3	1620	2
1760	3	825	14
1760	3	4320	9
1760	3	1605	9
1760	3	2859	3
1760	3	4098	9
1760	3	4275	9
1760	3	3639	3
1760	3	2420	9
1760	3	3194	9
1760	3	3897	3
1760	3	3848	9
1760	3	2606	9
1760	3	2645	9
515	2	3955	2
515	2	3731	2
515	2	1483	2
515	2	2155	3
3955	2	1483	2
3955	2	2055	3
3955	2	3731	2
3731	2	1579	2
3731	2	4323	2
3731	2	1483	2
1483	2	1579	2
1483	2	455	3
1483	2	2994	9
1483	2	4323	2
2155	3	2994	9
2055	3	2994	9
455	3	2513	9
455	3	3823	14
455	3	3723	3
3823	14	3723	3
2306	3	3691	14
2306	3	939	9
2306	3	2780	9
2306	3	4160	9
3681	2	2837	3
2837	3	4160	9
4160	9	3484	3
3409	3	2860	9
3409	3	2669	9
161	7	2528	2
161	7	1254	9
2528	2	2682	9
2528	2	1099	9
2528	2	15	9
2528	2	1958	9
2528	2	1471	9
2528	2	1254	9
2528	2	777	9
2528	2	3009	9
2528	2	3312	3
2528	2	3702	9
2528	2	322	12
2528	2	2231	2
2528	2	3202	2
2528	2	1274	12
2528	2	3880	12
3312	3	1116	3
3312	3	2805	14
3880	12	2922	12
3880	12	2098	12
1116	3	3473	2
1116	3	2805	14
3473	2	3914	2
2433	3	2239	3
2433	3	3652	3
2239	3	4174	2
2239	3	2846	14
2239	3	2253	9
2239	3	1364	9
3652	3	98	2
4174	2	2124	2
4174	2	1294	2
4174	2	2981	2
4174	2	4000	7
1364	9	4000	7
2124	2	1294	2
2124	2	2981	2
2981	2	3037	3
3037	3	1679	3
98	2	4241	2
4241	2	2149	2
2149	2	1679	3
194	2	1447	2
194	2	2002	3
194	2	1214	2
194	2	3868	2
194	2	3008	2
194	2	1566	2
1447	2	3868	2
1447	2	3008	2
2002	3	1694	9
2002	3	2085	9
2002	3	414	9
2002	3	3945	9
2002	3	4419	9
2002	3	330	3
2002	3	2858	9
2002	3	54	9
2002	3	34	9
2002	3	1872	3
2002	3	2160	14
2002	3	3810	3
2002	3	532	3
2002	3	3575	3
2002	3	2297	3
2002	3	792	9
2002	3	2785	9
2002	3	2304	9
2002	3	4008	9
2002	3	3609	9
2002	3	1739	9
2002	3	4318	9
2002	3	3323	9
2002	3	406	9
2002	3	2011	9
2002	3	1390	9
2002	3	488	9
1214	2	3008	2
3868	2	3008	2
3008	2	1566	2
2160	14	532	3
2160	14	3575	3
532	3	3797	2
532	3	3575	3
532	3	2507	9
532	3	3556	9
532	3	1881	9
532	3	2045	9
532	3	129	9
532	3	2103	9
532	3	3362	9
532	3	2073	9
532	3	2151	9
532	3	3115	9
532	3	2737	9
532	3	3007	9
532	3	3086	9
3575	3	16	9
3575	3	41	9
3575	3	2767	9
3575	3	4303	2
3575	3	4034	9
3797	2	1546	9
4303	2	1649	9
1859	9	3269	7
1859	9	1063	2
3269	7	3871	9
3269	7	1063	2
3269	7	3983	9
3269	7	175	9
3269	7	3061	14
1063	2	2902	9
1063	2	3844	2
1063	2	1082	2
1063	2	1043	2
1063	2	1442	2
1063	2	3251	2
1063	2	784	3
1063	2	982	9
3871	9	784	3
3983	9	784	3
175	9	784	3
3061	14	784	3
3061	14	2337	3
1082	2	3251	2
784	3	2337	3
784	3	24	9
784	3	2526	9
784	3	1729	3
784	3	1426	3
784	3	3157	9
2337	3	3072	3
2337	3	90	15
1729	3	1426	3
4084	9	2622	3
2622	3	2302	9
2622	3	43	3
2622	3	712	5
2622	3	1087	14
2622	3	1616	12
2622	3	1343	2
2622	3	1837	9
2622	3	359	9
2622	3	1608	9
2622	3	2409	9
2622	3	1622	9
2622	3	4019	9
2622	3	1730	9
2622	3	1934	9
2622	3	702	9
2622	3	1723	9
2622	3	10	9
2622	3	1711	9
2622	3	2806	9
2622	3	3738	9
2622	3	2146	9
2622	3	3130	9
2622	3	1039	9
2622	3	3248	9
2622	3	2904	9
2622	3	691	9
2622	3	776	9
2622	3	3756	9
2622	3	216	9
2622	3	256	3
2622	3	2161	9
2622	3	394	9
2622	3	176	9
2622	3	4015	9
2622	3	1044	9
2622	3	3515	9
2622	3	3864	9
2622	3	2223	9
2622	3	2639	9
2622	3	2875	9
43	3	4338	9
43	3	2916	2
43	3	1087	14
43	3	256	3
1087	14	256	3
1343	2	3459	9
1343	2	2225	2
1343	2	1045	5
1343	2	2651	5
1343	2	1680	9
1343	2	624	9
1343	2	3846	9
1343	2	2831	9
256	3	1907	9
317	9	2387	3
2387	3	881	3
2387	3	3224	14
881	3	3224	14
2916	2	237	9
2225	2	2097	2
2097	2	2727	3
2097	2	3145	2
2097	2	3554	2
2097	2	4007	2
2097	2	3414	2
2097	2	902	2
2097	2	481	2
2097	2	3083	2
2097	2	115	2
2097	2	44	9
2097	2	3905	9
2097	2	4337	2
2097	2	3058	9
2097	2	184	2
1555	9	3426	3
3426	3	1046	9
3426	3	1641	2
3426	3	3891	14
3426	3	2637	3
3426	3	3158	3
3426	3	3832	3
3426	3	959	3
3426	3	2811	9
3426	3	87	9
3426	3	3550	9
3426	3	2405	9
3426	3	4360	9
3426	3	3059	9
3426	3	3592	9
1641	2	2814	9
1641	2	2915	9
1641	2	3421	9
1641	2	308	9
1641	2	3193	9
1641	2	3159	9
1641	2	2683	9
1641	2	3135	7
1641	2	1532	12
1641	2	3747	1
3891	14	959	3
959	3	2359	3
2405	9	3135	7
1909	2	892	1
1909	2	1286	3
1286	3	1301	9
1286	3	650	14
1286	3	342	3
270	3	2757	14
270	3	1147	3
270	3	646	3
2757	14	646	3
646	3	2640	2
403	9	2886	3
2886	3	1303	9
2886	3	4024	9
2886	3	1851	3
2886	3	2567	9
2886	3	1703	9
2886	3	4245	9
2886	3	1453	3
2886	3	1652	9
2886	3	2891	9
2886	3	2108	9
2886	3	4287	9
2886	3	391	9
2886	3	512	9
2886	3	3841	9
2886	3	2438	9
2886	3	3564	14
2886	3	3313	2
2886	3	3770	9
2886	3	1886	9
2886	3	3137	3
2886	3	2514	9
2886	3	3693	9
2886	3	2148	9
2886	3	723	9
1851	3	3564	14
1851	3	2744	9
1453	3	3137	3
3313	2	3697	9
3313	2	1596	9
3017	9	3306	3
3306	3	3474	14
3306	3	346	3
3306	3	279	9
3306	3	3285	9
3306	3	2257	3
3474	14	2257	3
3474	14	346	3
3474	14	2880	7
346	3	2257	3
346	3	2678	3
2257	3	4004	9
2257	3	3244	9
2257	3	725	9
2257	3	864	3
2257	3	3471	9
2257	3	3744	9
2257	3	469	9
2257	3	917	3
2257	3	3800	3
2257	3	1937	2
2257	3	3824	3
2257	3	192	3
2257	3	2635	9
2257	3	2135	9
2257	3	3112	9
2257	3	2078	9
2257	3	568	9
2257	3	2451	9
2257	3	775	3
2257	3	1770	9
1937	2	2880	7
1937	2	4005	9
1937	2	130	9
2635	9	2880	7
1770	9	2880	7
2880	7	130	9
3585	7	1861	14
3585	7	1808	9
49	3	4240	3
49	3	1261	9
49	3	744	9
49	3	490	9
49	3	2631	9
49	3	289	9
49	3	3082	9
49	3	2039	9
49	3	3924	9
49	3	893	9
49	3	3813	9
49	3	3011	9
49	3	4047	9
49	3	4063	9
49	3	3659	9
49	3	2576	9
49	3	2793	9
49	3	218	9
49	3	1861	14
49	3	4010	3
49	3	2397	3
49	3	2918	9
49	3	1887	9
49	3	1978	3
49	3	3538	9
49	3	4153	9
49	3	3444	9
49	3	4255	9
49	3	3579	9
49	3	3534	9
49	3	3695	9
49	3	4044	9
49	3	1808	9
49	3	1569	9
49	3	898	9
49	3	2758	9
49	3	974	9
49	3	1077	9
49	3	242	9
49	3	2232	9
3990	9	4240	3
4240	3	3814	9
4240	3	1318	9
4240	3	1765	9
4240	3	3430	9
4240	3	1315	9
4240	3	1212	9
4240	3	3548	9
4240	3	1139	9
4240	3	961	9
4240	3	421	9
4240	3	1050	9
4240	3	3490	9
4240	3	608	9
4240	3	1165	9
4240	3	4217	9
4240	3	2809	9
4240	3	3207	9
4240	3	4073	9
4240	3	3448	9
4240	3	2066	9
4240	3	2940	9
4240	3	638	9
4240	3	2972	9
4240	3	1861	14
4240	3	1978	3
4240	3	444	9
4240	3	2992	9
4240	3	2832	9
4240	3	3211	9
4240	3	3014	9
4240	3	1434	9
4240	3	3344	9
4240	3	871	9
4240	3	582	9
1861	14	1978	3
1978	3	1523	9
1978	3	103	9
1750	3	1832	2
1750	3	290	14
1750	3	1524	15
1750	3	419	3
1750	3	1060	9
1750	3	551	3
1750	3	3949	9
1750	3	1098	9
1750	3	1005	9
1750	3	3963	9
1750	3	4409	9
290	14	419	3
290	14	551	3
419	3	551	3
419	3	1485	3
551	3	2343	9
324	9	2727	3
2727	3	3165	9
2727	3	1217	14
2727	3	695	15
2727	3	3853	3
1217	14	3853	3
3145	2	3083	2
3145	2	184	2
3554	2	3414	2
3083	2	184	2
3083	2	685	2
685	2	3419	3
685	2	1900	2
685	2	2740	12
685	2	1344	2
685	2	3328	2
685	2	504	2
685	2	1717	2
1230	3	643	14
1230	3	60	2
1230	3	2807	9
1230	3	2316	3
1230	3	2157	9
1230	3	380	9
1230	3	2958	9
1230	3	3942	9
1230	3	1830	9
1230	3	3302	9
1230	3	2235	9
1230	3	923	9
1230	3	72	9
1230	3	3175	9
1230	3	971	9
60	2	2364	9
60	2	3836	9
4079	2	1446	2
4079	2	3915	2
4079	2	3815	2
1446	2	3915	2
1446	2	3815	2
3915	2	3815	2
3815	2	377	2
3815	2	518	9
3815	2	3627	3
3627	3	2452	3
3627	3	434	14
3627	3	3257	9
3627	3	311	9
3627	3	351	3
3627	3	506	9
2452	3	434	14
2452	3	351	3
2452	3	1959	3
2452	3	674	3
434	14	351	3
351	3	3886	2
351	3	1489	9
3886	2	1692	9
3886	2	2217	2
746	9	3537	3
3537	3	2153	9
3537	3	299	9
3537	3	873	9
3537	3	3231	14
3537	3	3535	2
3537	3	3240	9
3535	2	169	2
3535	2	140	9
3535	2	849	9
3535	2	652	7
3535	2	2816	9
3535	2	2889	7
3535	2	2137	9
3535	2	2480	9
3535	2	2236	9
3535	2	1245	9
3535	2	1853	7
3535	2	1772	9
3535	2	4058	7
3535	2	3218	9
3535	2	4286	9
3240	9	2889	7
1267	9	169	2
169	2	3273	9
169	2	2051	7
169	2	1835	3
1835	3	668	14
1835	3	3204	9
1835	3	2079	9
140	9	4058	7
3368	9	3464	3
3368	9	3214	2
3464	3	2126	9
3464	3	1985	2
3214	2	6	3
3214	2	1985	2
3214	2	610	2
3214	2	3865	2
2126	9	6	3
1985	2	4356	2
1985	2	3865	2
6	3	195	3
6	3	1422	14
6	3	4265	3
3865	2	4356	2
4356	2	4265	3
4120	9	3262	3
3262	3	3167	2
3262	3	2943	3
3262	3	3732	14
3262	3	739	3
3167	2	4172	9
2943	3	567	2
2943	3	1550	9
2943	3	3732	14
2943	3	739	3
2943	3	578	3
3732	14	739	3
739	3	3122	2
739	3	1304	9
739	3	645	12
3903	2	567	2
3903	2	221	2
567	2	3801	9
567	2	372	9
221	2	3839	3
221	2	3225	9
221	2	362	9
3839	3	3404	3
3839	3	1131	14
3839	3	4307	3
3404	3	1430	2
3404	3	2061	9
3404	3	2179	9
3404	3	2189	9
3404	3	2508	9
3404	3	442	9
3404	3	1131	14
3404	3	771	9
3404	3	4132	9
3404	3	4307	3
1131	14	4307	3
4307	3	3336	3
4307	3	1059	2
3212	9	3122	2
3122	2	1263	2
3122	2	4268	9
3122	2	3077	1
3122	2	1877	12
3122	2	1430	2
3122	2	682	9
3122	2	1726	2
1430	2	1544	9
1430	2	1457	9
1430	2	2833	2
1430	2	2175	2
1430	2	1237	9
1430	2	715	9
1430	2	3435	7
1430	2	1293	9
1430	2	1288	9
1430	2	1988	9
1430	2	464	9
1430	2	2254	9
1430	2	3630	9
1430	2	1726	2
1430	2	1734	9
1430	2	820	9
1726	2	2175	2
1544	9	2833	2
3435	7	771	9
2400	3	1866	14
2400	3	1374	2
2400	3	1262	3
2400	3	710	3
1866	14	710	3
1374	2	2141	2
1374	2	3220	2
710	3	1563	9
710	3	537	9
3603	2	2582	9
3603	2	4199	2
3603	2	94	9
4199	2	3590	2
3590	2	1184	3
1184	3	4156	3
1184	3	2369	14
1184	3	2776	9
1184	3	3367	3
1184	3	3783	3
1184	3	1916	3
1184	3	945	3
1184	3	2597	3
1184	3	1371	3
4156	3	2369	14
4156	3	3367	3
4156	3	2562	9
2369	14	3367	3
3367	3	758	2
758	2	2410	9
758	2	2550	9
758	2	2759	9
3044	9	4202	3
4202	3	2955	9
4202	3	4222	9
4202	3	3036	9
4202	3	3126	9
4202	3	2881	9
4202	3	2082	9
4202	3	1079	9
4202	3	3850	3
4202	3	1504	14
4202	3	2134	2
4202	3	1588	9
4202	3	4013	9
4202	3	751	9
4202	3	2934	3
4202	3	908	3
2881	9	3954	2
2881	9	908	3
3850	3	2934	3
3850	3	1843	9
3850	3	1504	14
3850	3	1206	12
3850	3	2129	9
1504	14	2934	3
2134	2	657	2
2134	2	3091	9
2134	2	2910	2
2134	2	440	2
2134	2	3954	2
2934	3	4279	9
2934	3	56	9
2934	3	3222	9
2934	3	4284	9
2934	3	1022	9
657	2	440	2
657	2	2910	2
657	2	4232	3
440	2	3874	2
440	2	2910	2
440	2	3954	2
2910	2	3954	2
4232	3	2431	3
3954	2	3874	2
3954	2	2431	3
2731	2	3182	2
3182	2	1308	3
1308	3	3025	3
1308	3	2551	14
3156	9	4078	2
4078	2	3968	7
4078	2	3551	9
4078	2	595	9
4078	2	3353	7
4078	2	1334	1
4078	2	3493	2
3968	7	595	9
3353	7	229	9
3353	7	3178	9
3353	7	1602	9
3493	2	2365	3
778	9	3025	3
3025	3	1786	9
3025	3	588	2
3025	3	2551	14
3025	3	2446	9
3025	3	116	9
588	2	3889	9
588	2	3108	9
4154	3	3388	3
4154	3	3419	3
251	3	1844	3
251	3	2211	3
251	3	46	14
251	3	3449	3
251	3	1665	2
251	3	2383	3
251	3	2338	9
251	3	3729	3
251	3	1322	9
251	3	2968	9
3419	3	2997	3
3419	3	3215	3
3419	3	1257	3
3419	3	1329	3
3419	3	3288	12
3419	3	3753	3
3419	3	1771	3
3419	3	164	3
3419	3	400	3
3419	3	847	14
3419	3	3667	9
3419	3	3366	9
2211	3	1521	3
46	14	3729	3
1665	2	228	2
3729	3	68	3
3729	3	883	3
3729	3	584	3
3729	3	1048	3
3729	3	3022	3
593	14	2777	3
2777	3	3716	9
2777	3	355	9
2777	3	1903	9
2777	3	2094	9
2777	3	2233	3
2777	3	612	9
2777	3	996	9
2777	3	3679	9
2777	3	2333	9
2777	3	2317	9
2777	3	1193	2
2777	3	245	9
2233	3	766	3
1193	2	1713	9
1193	2	2540	2
1193	2	3181	1
1193	2	3067	9
2540	2	2401	3
2401	3	61	3
2401	3	291	14
61	3	291	14
61	3	766	3
2786	9	3432	7
2786	9	1347	3
3432	7	769	9
3432	7	2485	9
3432	7	163	14
3432	7	2177	9
3432	7	389	9
1347	3	3356	9
1347	3	4171	9
1347	3	2080	9
1347	3	769	9
1347	3	4249	9
1347	3	2485	9
1347	3	2565	9
1347	3	3270	3
1347	3	4278	3
1347	3	163	14
1347	3	4183	3
1347	3	2221	3
1347	3	1506	9
1347	3	4100	9
1347	3	942	3
1347	3	2177	9
1347	3	282	9
1347	3	2301	9
1347	3	4256	12
1347	3	3714	12
163	14	3912	7
163	14	1864	7
163	14	2734	7
163	14	2363	7
163	14	559	7
163	14	942	3
3885	9	3912	7
3885	9	1864	7
3885	9	2734	7
2499	9	1556	7
2638	9	2363	7
2363	7	3826	9
1867	7	4125	2
1867	7	3994	14
1867	7	4261	9
1867	7	3509	9
1867	7	968	9
4125	2	2014	3
4125	2	3468	9
4125	2	381	7
4125	2	968	9
4125	2	188	2
4125	2	1233	2
3994	14	2014	3
3994	14	1176	3
3994	14	2212	3
4261	9	2014	3
3509	9	2014	3
2014	3	2423	3
2014	3	3488	15
2014	3	1981	3
2014	3	3369	9
2014	3	1176	3
2014	3	4157	9
2014	3	2963	9
2014	3	943	9
2014	3	2212	3
381	7	3369	9
1176	3	2212	3
1176	3	1740	3
953	9	742	2
742	2	2237	3
742	2	2406	9
2237	3	2173	3
2237	3	1722	3
2237	3	477	14
3863	9	2173	3
2173	3	955	9
2173	3	477	14
2173	3	1722	3
2173	3	4113	3
2173	3	2107	9
2173	3	2003	9
2173	3	3245	9
2173	3	2747	9
2173	3	1706	9
2173	3	2000	9
2173	3	1141	9
2173	3	1819	9
2173	3	3163	9
477	14	1722	3
1722	3	1380	2
1722	3	3773	9
1722	3	4321	3
1722	3	2130	9
1722	3	3046	9
4113	3	4251	14
4113	3	2003	9
4113	3	1141	9
1628	9	1380	2
1380	2	3363	9
1380	2	4350	9
1380	2	3656	2
4321	3	3123	3
2285	9	2489	2
2489	2	2407	2
2489	2	1398	9
2489	2	3499	7
2489	2	263	9
2489	2	436	7
2489	2	3377	9
2489	2	519	2
2489	2	3781	9
2489	2	261	9
2489	2	1826	7
2489	2	2688	7
2489	2	2059	9
2489	2	4259	9
2489	2	4097	9
2489	2	415	3
2489	2	2529	9
2489	2	1511	2
2489	2	1047	2
2489	2	4168	2
2489	2	4176	2
2489	2	2490	2
2489	2	2957	2
2489	2	636	2
2489	2	3417	2
2489	2	2849	9
2489	2	410	9
2489	2	3935	9
2489	2	2462	9
2489	2	3346	9
2407	2	1511	2
2407	2	519	2
3499	7	592	9
519	2	636	2
519	2	1511	2
519	2	3417	2
519	2	4176	2
1826	7	2059	9
415	3	4123	9
415	3	1736	9
415	3	1820	9
415	3	592	9
415	3	321	14
415	3	3489	9
1511	2	636	2
1511	2	2490	2
1511	2	4176	2
1511	2	3417	2
1511	2	4168	2
1047	2	3417	2
4168	2	636	2
4168	2	3417	2
4176	2	2490	2
4176	2	3417	2
2490	2	636	2
2490	2	3417	2
636	2	3417	2
2004	9	591	3
591	3	1671	9
591	3	2181	9
591	3	3745	9
591	3	4127	9
591	3	3347	9
591	3	1490	9
591	3	3234	9
591	3	2311	9
591	3	1529	9
591	3	1354	9
591	3	4292	9
591	3	2655	9
591	3	333	9
591	3	30	9
591	3	401	9
591	3	1603	9
591	3	1224	9
591	3	1285	9
591	3	2552	9
591	3	3317	9
591	3	3987	9
591	3	435	9
591	3	1451	9
591	3	3494	9
591	3	448	9
591	3	293	9
591	3	1024	9
591	3	1918	9
591	3	3281	9
591	3	709	9
591	3	1290	9
591	3	3541	9
591	3	1938	9
591	3	4166	9
591	3	1896	9
591	3	850	9
591	3	1007	9
591	3	2579	9
591	3	563	9
591	3	2588	9
591	3	2347	9
591	3	4204	9
591	3	1444	9
591	3	2573	9
591	3	2594	9
591	3	1836	9
591	3	3318	9
591	3	4085	3
591	3	4146	9
591	3	1350	9
591	3	382	9
591	3	4371	9
591	3	1966	9
591	3	2882	9
591	3	1676	3
591	3	2839	9
591	3	2761	9
591	3	836	9
591	3	232	9
591	3	1756	9
591	3	2095	9
591	3	2117	9
591	3	273	9
591	3	2691	9
591	3	265	9
591	3	2687	9
591	3	3586	9
591	3	3076	9
591	3	408	9
591	3	1951	9
591	3	2762	9
591	3	1845	12
591	3	2656	14
591	3	1023	12
591	3	3735	2
591	3	1468	9
591	3	618	9
3347	9	2708	7
30	9	2708	7
4204	9	2708	7
1676	3	1673	9
1676	3	918	9
1676	3	2991	9
1676	3	2656	14
1676	3	1311	2
1676	3	1871	12
1676	3	2385	3
3735	2	2708	7
3142	2	4397	2
4397	2	3530	3
4397	2	1571	2
3530	3	4147	3
3530	3	1015	3
3530	3	1904	3
3530	3	153	3
3530	3	3024	3
3530	3	1469	14
2991	9	2385	3
1311	2	3450	12
1871	12	2990	12
2385	3	1159	14
3437	9	1870	3
1870	3	222	9
1870	3	3694	9
1870	3	396	14
1870	3	3271	3
1870	3	1215	3
1870	3	1759	3
1870	3	3511	2
1870	3	4218	9
396	14	1215	3
396	14	3271	3
3271	3	4234	3
3271	3	1215	3
3271	3	3411	9
1215	3	472	9
1215	3	3047	9
1759	3	1568	2
1759	3	2015	14
1759	3	3992	3
3511	2	4209	9
3511	2	3410	11
3511	2	1715	2
1944	3	4234	3
1944	3	1292	14
1944	3	3005	3
1944	3	1741	9
4234	3	3400	3
4234	3	3005	3
4234	3	1427	3
4234	3	1292	14
1292	14	3005	3
3005	3	2584	9
1568	2	3472	2
2015	14	3992	3
1168	9	2313	3
2313	3	3833	3
2313	3	2184	3
2313	3	2924	14
2313	3	4306	2
3833	3	1840	2
4306	2	142	2
4306	2	318	2
4306	2	823	2
4306	2	283	2
4306	2	3180	2
4306	2	1943	2
4306	2	3063	2
1120	3	142	2
1120	3	3539	3
3539	3	1943	2
1840	2	318	2
3969	3	3717	14
3969	3	2613	2
3969	3	2373	3
3969	3	1913	12
3969	3	1386	9
3969	3	3324	3
3717	14	3324	3
2613	2	4257	2
2613	2	2850	12
3324	3	3100	3
55	3	267	14
55	3	2976	9
55	3	3947	9
55	3	1312	3
55	3	2145	9
267	14	1312	3
1309	3	1811	14
1309	3	1989	3
1309	3	1352	3
1309	3	625	9
1309	3	627	9
1811	14	1352	3
1352	3	2808	2
2808	2	4184	2
1476	3	1636	3
1636	3	1662	3
1636	3	4341	3
1636	3	1417	3
1636	3	274	3
1636	3	2437	14
4341	3	274	3
4341	3	1454	3
4341	3	2437	14
4341	3	1417	3
1417	3	274	3
1417	3	2437	14
1417	3	2340	4
274	3	4262	2
274	3	2862	3
274	3	853	3
274	3	345	9
274	3	3485	3
274	3	3274	3
274	3	2437	14
274	3	3946	3
274	3	1401	3
274	3	3054	3
1200	3	347	3
1200	3	4425	14
347	3	4425	14
347	3	47	2
347	3	919	9
347	3	2632	9
347	3	1355	9
347	3	366	9
347	3	3869	9
347	3	2262	3
347	3	3518	9
347	3	3403	9
347	3	2603	3
47	2	3078	9
4262	2	3867	1
2862	3	853	3
853	3	3485	3
853	3	3274	3
853	3	3946	3
853	3	1401	3
853	3	3054	3
3274	3	3054	3
207	9	3655	3
3655	3	1994	9
3655	3	1028	9
3655	3	493	14
3655	3	1946	3
3655	3	930	9
493	14	1946	3
1946	3	4050	9
1946	3	3543	9
1946	3	360	9
1946	3	1617	9
1946	3	4280	3
1946	3	1379	9
1946	3	2260	9
1946	3	1651	3
1946	3	977	3
1946	3	1328	3
1946	3	390	2
1946	3	3666	9
1946	3	3876	9
1946	3	3720	3
1946	3	2182	9
4280	3	126	3
4280	3	206	3
977	3	126	3
390	2	920	2
390	2	2730	2
390	2	84	2
390	2	1367	2
390	2	2252	2
390	2	2733	2
390	2	992	2
390	2	637	2
3720	3	126	3
3720	3	4373	3
3720	3	206	3
2182	9	2199	3
920	2	2730	2
920	2	84	2
920	2	1367	2
920	2	2252	2
920	2	2733	2
920	2	992	2
920	2	637	2
2730	2	992	2
84	2	2252	2
84	2	2733	2
84	2	1367	2
84	2	992	2
1367	2	2252	2
1367	2	2733	2
1367	2	992	2
2252	2	2733	2
2252	2	2199	3
2252	2	992	2
2252	2	637	2
2733	2	4373	3
2733	2	637	2
992	2	126	3
992	2	637	2
4373	3	126	3
3481	3	993	3
3481	3	4046	2
3481	3	4328	3
3481	3	837	14
3481	3	4353	9
3481	3	3153	9
3481	3	4266	3
3481	3	2294	9
3481	3	767	3
3481	3	4065	9
3481	3	3938	3
3481	3	312	3
3481	3	3322	9
3481	3	3771	3
3481	3	306	3
3481	3	3479	3
3481	3	716	3
3481	3	759	9
3481	3	2150	9
3481	3	3006	3
993	3	3771	3
993	3	306	3
4046	2	3594	9
4046	2	456	2
4046	2	1075	2
4328	3	3771	3
4328	3	306	3
837	14	767	3
837	14	312	3
767	3	312	3
767	3	731	9
767	3	3971	9
767	3	503	9
312	3	2570	9
716	3	189	3
1075	2	189	3
3460	7	1459	2
1459	2	1998	2
1459	2	2844	9
1459	2	3384	3
3384	3	3249	9
3384	3	497	9
3384	3	4089	14
3796	9	4051	3
4051	3	3676	2
4051	3	2930	3
4051	3	1249	14
4051	3	3613	9
4051	3	2386	9
344	3	3922	3
3922	3	4105	9
3922	3	839	9
3922	3	2822	9
3922	3	3892	9
3922	3	2154	9
3922	3	2675	3
3922	3	3113	3
3922	3	3294	3
3922	3	2310	3
3922	3	3003	3
3922	3	3571	3
3922	3	3663	3
3922	3	1076	3
3922	3	3084	14
3922	3	336	3
3922	3	3616	3
3922	3	224	2
3922	3	3259	3
3922	3	4142	3
3922	3	3370	9
3922	3	1203	3
3922	3	1443	3
4105	9	2310	3
3892	9	2675	3
2675	3	348	2
2310	3	1295	2
3571	3	2378	2
3571	3	1449	14
1076	3	2647	2
336	3	3616	3
224	2	630	2
224	2	1391	2
3370	9	1295	2
1295	2	348	2
348	2	2647	2
2378	2	3696	2
630	2	1391	2
1194	9	3828	3
3828	3	1977	2
3828	3	3838	14
3828	3	3012	9
3828	3	3641	9
3828	3	4074	9
1977	2	1590	9
1977	2	3168	2
1977	2	755	2
1977	2	3275	2
1977	2	544	9
1977	2	2984	2
3168	2	2984	2
4235	3	4149	2
4235	3	325	3
4235	3	2834	14
4235	3	1661	3
4149	2	3480	9
4149	2	3760	9
4149	2	1151	2
325	3	4043	4
325	3	2834	14
325	3	1661	3
2834	14	1661	3
1661	3	3483	2
1661	3	1259	9
1661	3	1053	9
1661	3	3416	9
1661	3	2749	9
1661	3	2349	9
1151	2	3483	2
2464	2	3483	2
3483	2	1774	2
3483	2	507	9
3483	2	1190	9
3483	2	2067	2
2067	2	2472	2
2472	2	2008	2
2472	2	4395	2
2472	2	2245	2
2472	2	2993	9
2472	2	1667	3
3645	3	3039	3
3645	3	3210	2
3645	3	2648	3
3645	3	2493	14
3645	3	1806	9
3039	3	1057	2
3039	3	1618	2
3210	2	1889	9
3210	2	796	9
3210	2	3875	2
3210	2	4405	2
3210	2	1669	2
3210	2	1795	2
3210	2	1057	2
3210	2	995	2
3210	2	845	2
3210	2	3602	9
3210	2	114	7
3210	2	3371	9
2648	3	4317	2
1057	2	4405	2
1057	2	1669	2
1057	2	4317	2
1057	2	3875	2
1057	2	995	2
1618	2	4405	2
1618	2	3875	2
1618	2	4317	2
1618	2	995	2
1618	2	1669	2
3875	2	4405	2
3875	2	1669	2
3033	3	4237	3
4237	3	2864	3
4237	3	660	3
4237	3	1677	9
4237	3	4375	9
4237	3	3802	9
4237	3	3872	3
4237	3	252	2
4237	3	3837	14
4237	3	3642	9
4237	3	2709	9
2864	3	3960	3
2864	3	660	3
2864	3	3837	14
660	3	3837	14
660	3	3948	9
252	2	137	9
252	2	2720	9
252	2	271	9
252	2	3831	9
252	2	1093	2
252	2	2914	9
252	2	1140	9
252	2	3341	9
252	2	2118	2
252	2	1540	9
4011	2	4194	2
4011	2	1093	2
2142	3	3750	2
2142	3	2684	3
2142	3	2659	3
3750	2	546	2
2684	3	1664	3
546	2	656	2
439	3	1089	9
439	3	62	14
439	3	326	3
439	3	2492	9
439	3	1585	3
439	3	2532	9
439	3	2571	9
62	14	326	3
326	3	2	9
656	2	1664	3
4229	9	1324	2
4229	9	1186	2
1324	2	1186	2
1324	2	1202	2
1324	2	3316	6
1324	2	3888	1
1186	2	212	1
1186	2	3166	5
1186	2	4362	2
1186	2	1202	2
3888	1	3166	5
1119	3	1431	15
1119	3	338	14
666	3	2244	2
666	3	3785	3
666	3	3798	3
666	3	1135	3
2244	2	1911	2
2244	2	3772	2
3785	3	3798	3
3785	3	707	2
3785	3	3939	3
3798	3	3335	2
3798	3	1269	9
3798	3	1221	14
1135	3	3724	3
1135	3	2395	2
1135	3	750	14
1135	3	983	3
1135	3	653	9
1135	3	3842	3
1911	2	3335	2
1911	2	707	2
1911	2	2190	3
3772	2	4420	3
3772	2	707	2
3335	2	1825	9
2190	3	858	3
1070	3	1846	2
1070	3	4420	3
1846	2	3699	2
3699	2	858	3
4026	2	3939	3
2029	2	8	2
8	2	2612	9
8	2	2360	3
8	2	3977	2
8	2	1650	7
2360	3	1462	9
2360	3	2440	9
2360	3	86	9
2360	3	3629	14
2360	3	3227	3
2360	3	2778	9
2360	3	1092	9
2360	3	3334	9
2360	3	3031	9
2360	3	3950	9
2360	3	3219	9
2360	3	3793	9
2360	3	804	3
2360	3	4238	9
2360	3	1319	9
2360	3	1032	9
2360	3	2375	9
2360	3	3644	9
2360	3	1798	9
2360	3	3882	9
2360	3	3041	9
2360	3	4076	9
1650	7	2440	9
1650	7	2375	9
1650	7	3629	14
1650	7	3041	9
3629	14	804	3
3629	14	3227	3
3227	3	2585	9
3227	3	804	3
804	3	340	9
804	3	1744	9
804	3	3529	3
2443	2	3188	2
3188	2	4271	3
3188	2	28	1
3188	2	296	2
3188	2	1179	8
3188	2	3438	11
3188	2	200	2
3188	2	1480	2
4271	3	4274	3
4271	3	180	3
4271	3	1411	14
4271	3	1897	9
4271	3	2674	9
28	1	3438	11
28	1	1179	8
296	2	2100	3
296	2	3438	11
296	2	1179	8
296	2	200	2
296	2	1480	2
1179	8	200	2
1179	8	3894	1
1179	8	1480	2
3438	11	200	2
3438	11	3894	1
3438	11	1480	2
200	2	1480	2
815	9	896	3
815	9	4274	3
896	3	2100	3
4274	3	1979	9
4274	3	3412	9
4274	3	1132	9
4274	3	1411	14
4274	3	180	3
1411	14	180	3
180	3	1630	2
1630	2	2240	9
2390	9	4161	2
4161	2	365	9
4161	2	74	7
4161	2	1613	7
4161	2	3461	3
4161	2	4260	9
74	7	3986	14
74	7	1735	15
74	7	4260	9
1613	7	3986	14
1613	7	1908	9
1613	7	1735	15
3461	3	3986	14
3461	3	1908	9
3461	3	1735	15
1049	9	1413	3
1413	3	303	14
1413	3	3916	2
3916	2	4135	2
1512	3	760	2
1512	3	805	14
1512	3	1085	3
805	14	1085	3
1085	3	3722	15
3722	15	3138	3
467	9	2917	2
467	9	3840	7
2917	2	3762	9
2917	2	3840	7
2917	2	341	3
3840	7	1689	14
341	3	2086	9
341	3	4151	9
341	3	1689	14
341	3	3928	3
341	3	1640	3
341	3	4101	9
341	3	1860	9
341	3	1365	9
341	3	3545	9
1932	3	13	3
1932	3	1305	9
1932	3	2023	14
1932	3	3131	9
1932	3	4087	9
3928	3	4393	3
3928	3	1191	14
3928	3	3098	2
3928	3	4416	9
13	3	2023	14
13	3	165	9
13	3	2488	9
3098	2	1773	9
2617	9	690	3
690	3	3138	3
690	3	3387	3
690	3	1016	14
690	3	2966	2
3138	3	1016	14
3138	3	3387	3
3387	3	1016	14
3387	3	3272	3
3387	3	2600	9
3387	3	698	9
2966	2	4276	2
2966	2	2763	2
2966	2	3174	2
2966	2	3354	2
2966	2	4361	2
2966	2	4187	9
2966	2	316	9
2966	2	1031	2
2966	2	358	9
4276	2	3354	2
4276	2	254	3
3354	2	1051	3
316	9	1051	3
316	9	254	3
1827	3	831	3
831	3	1142	14
831	3	794	3
831	3	109	9
831	3	768	3
831	3	2544	9
831	3	3372	9
831	3	3752	9
794	3	2544	9
794	3	525	9
3752	9	2461	3
2008	2	4395	2
4395	2	2245	2
1667	3	2491	9
1667	3	3620	9
1667	3	640	9
1667	3	1104	3
1667	3	3092	14
1667	3	2770	15
1667	3	2250	9
354	2	2710	2
354	2	1104	3
354	2	3440	9
1104	3	3092	14
887	3	3512	2
887	3	2817	15
887	3	3223	14
887	3	2618	3
3512	2	292	7
2817	15	292	7
3223	14	292	7
2618	3	48	9
2618	3	1124	14
2618	3	1873	3
2618	3	1604	3
2618	3	3226	9
2618	3	2853	9
1124	14	1873	3
1873	3	718	3
1873	3	2909	3
1873	3	1450	3
560	9	718	3
718	3	2909	3
1059	2	4239	2
1059	2	798	2
4239	2	798	2
1620	2	361	1
1620	2	1117	2
825	14	3897	3
3897	3	3737	9
2075	3	4002	3
4002	3	574	9
4002	3	4310	9
4002	3	2284	9
4002	3	676	9
4002	3	3447	3
4002	3	3806	9
4002	3	2215	9
4002	3	1180	3
4002	3	3023	9
4002	3	2826	9
4002	3	3349	9
4002	3	3144	9
4002	3	621	9
4002	3	3350	9
4002	3	3569	9
4002	3	829	9
4002	3	4414	9
4002	3	4165	9
4002	3	3101	9
4002	3	1086	9
4002	3	2664	3
4002	3	4401	9
4002	3	1557	9
4002	3	3087	3
4002	3	962	3
4002	3	3961	3
4002	3	4423	3
4002	3	2607	3
4002	3	219	14
4002	3	1917	12
4002	3	1117	2
4002	3	1941	3
4002	3	694	9
4002	3	2736	9
4002	3	1056	9
4002	3	1658	3
4002	3	2711	9
4002	3	1420	3
4002	3	2548	9
4002	3	3170	9
4002	3	99	3
4002	3	4095	9
3087	3	3961	3
3087	3	219	14
3087	3	3962	9
3961	3	904	9
3961	3	219	14
1117	2	2947	9
508	3	765	3
508	3	3486	3
508	3	2794	14
3486	3	2794	14
3486	3	1473	3
1473	3	3094	2
4407	2	3462	2
3462	2	3094	2
2541	2	1505	2
2541	2	3749	2
2541	2	285	2
1505	2	3749	2
1505	2	285	2
3749	2	1560	9
3749	2	285	2
3749	2	1209	3
1209	3	3973	14
1209	3	664	9
3392	2	2568	2
2568	2	4032	1
2568	2	2693	10
4032	1	2693	10
3906	9	2848	3
2848	3	1345	3
2848	3	2530	3
2848	3	1152	14
2848	3	803	3
2848	3	17	9
1345	3	540	3
1345	3	1693	3
1345	3	3451	3
1345	3	3021	3
1345	3	3104	3
1345	3	1441	3
1345	3	586	3
1345	3	2799	9
1345	3	803	3
1345	3	1273	3
1345	3	1472	3
1345	3	4114	3
1345	3	2510	3
1345	3	2530	3
1345	3	670	3
1345	3	1547	3
1345	3	3568	3
1345	3	1073	3
1345	3	1797	3
1345	3	3859	3
1345	3	1395	3
1345	3	2012	3
1345	3	882	3
1345	3	3487	3
1345	3	1152	14
1345	3	4288	12
2530	3	803	3
2530	3	495	2
2530	3	1152	14
2530	3	933	9
2530	3	158	9
2530	3	936	9
1152	14	803	3
803	3	1586	9
803	3	708	9
803	3	1537	9
803	3	2788	9
803	3	1277	15
803	3	737	2
803	3	1893	9
803	3	826	9
1277	15	3102	3
737	2	787	9
495	2	120	9
2997	3	1894	3
2997	3	1668	9
2997	3	1257	3
2997	3	847	14
3215	3	1771	3
1257	3	847	14
1257	3	910	3
1329	3	614	2
614	2	2453	7
1900	2	1717	2
504	2	1717	2
65	3	3531	2
65	3	1387	14
65	3	4177	3
65	3	827	3
3531	2	1414	9
1387	14	4177	3
1387	14	827	3
1387	14	1738	7
4177	3	179	3
4177	3	3415	2
4177	3	827	3
827	3	2267	3
1738	7	3415	2
3415	2	2415	2
3155	9	3004	3
3004	3	3385	9
3004	3	3788	9
3004	3	3325	14
3004	3	4014	5
3004	3	2267	3
3004	3	4036	15
3004	3	3883	12
3004	3	548	12
3004	3	1634	2
3004	3	4385	9
3004	3	4206	9
3004	3	2827	9
3004	3	520	9
3004	3	2861	9
3325	14	2267	3
2267	3	3617	9
1634	2	1518	5
1634	2	2183	9
1634	2	7	2
1634	2	4332	2
1634	2	255	2
7	2	255	2
7	2	4332	2
4332	2	255	2
2368	3	3988	15
2368	3	1783	14
2368	3	3110	12
2368	3	111	2
2368	3	2090	9
111	2	973	2
111	2	3079	2
111	2	1359	2
111	2	1675	9
111	2	3775	2
111	2	1660	2
111	2	3623	2
111	2	1646	2
111	2	3109	11
111	2	1216	2
111	2	22	2
111	2	2982	2
111	2	2427	6
111	2	561	2
111	2	1751	2
111	2	1323	2
111	2	357	2
111	2	4094	2
111	2	4038	2
111	2	1074	2
3079	2	4038	2
3079	2	561	2
3079	2	1660	2
1660	2	4038	2
3623	2	4038	2
1646	2	4038	2
1216	2	22	2
1216	2	2982	2
1216	2	1074	2
22	2	2982	2
22	2	1074	2
2982	2	1074	2
561	2	4038	2
1751	2	4094	2
1751	2	4038	2
4094	2	4038	2
2456	3	1418	3
220	3	1348	3
2893	3	913	3
2893	3	2388	3
2893	3	2628	3
2893	3	1619	14
2893	3	3765	2
2893	3	3786	3
2893	3	1501	3
2893	3	461	9
2893	3	3375	3
3327	3	3379	3
66	3	81	3
66	3	3080	14
2948	3	963	9
2251	2	4319	2
2251	2	2686	9
3293	3	3351	3
963	9	81	3
1418	3	4319	2
913	3	3786	3
913	3	2388	3
913	3	3375	3
913	3	404	9
3765	2	1807	11
3765	2	404	9
3786	3	3375	3
3786	3	404	9
3724	3	4300	9
3724	3	1517	3
3724	3	750	14
3724	3	2956	3
874	9	181	3
181	3	79	2
181	3	4062	3
181	3	2819	3
181	3	226	3
181	3	888	14
181	3	703	3
181	3	2820	9
79	2	3995	2
888	14	703	3
703	3	3595	2
703	3	1185	9
703	3	1258	9
703	3	3849	9
703	3	3577	9
2652	2	3940	2
2652	2	3595	2
2652	2	3782	3
3940	2	3595	2
3595	2	513	9
3595	2	3310	2
3595	2	1814	1
3595	2	601	9
3782	3	2374	3
4285	2	889	2
4285	2	2374	3
889	2	3995	2
3995	2	4314	9
3995	2	2463	2
131	7	4155	14
131	7	2907	9
1727	3	4155	14
1727	3	422	9
1727	3	1584	3
1727	3	2907	9
4129	2	82	2
3758	3	2476	3
2476	3	82	2
1437	9	633	3
633	3	3102	3
633	3	3913	2
633	3	2738	14
3102	3	2738	14
3913	2	2660	2
1530	9	1041	3
1041	3	2713	3
1041	3	3132	3
1041	3	4052	3
1041	3	1926	9
1041	3	2178	9
1041	3	1508	9
1041	3	3314	9
1041	3	1580	9
1041	3	2728	9
1041	3	3394	9
1041	3	1624	9
1041	3	1448	9
1041	3	1052	9
1041	3	1674	9
1041	3	2424	9
1041	3	2998	9
1041	3	3217	14
1041	3	327	2
1041	3	1635	9
1041	3	2425	3
1041	3	3764	9
1041	3	1551	9
1041	3	3147	9
1041	3	2191	9
2713	3	3764	9
3132	3	3764	9
4052	3	1581	2
4052	3	2425	3
4052	3	3217	14
4052	3	2977	3
4052	3	1201	9
3217	14	2425	3
327	2	2660	2
327	2	460	9
327	2	1757	9
327	2	4035	9
327	2	3171	9
327	2	1992	9
327	2	1239	1
327	2	927	2
327	2	173	9
327	2	117	9
2425	3	494	9
1581	2	3536	2
2977	3	1201	9
3536	2	927	2
68	3	3022	3
3022	3	1521	3
3022	3	584	3
584	3	3944	2
584	3	2365	3
1521	3	42	2
42	2	3944	2
4389	3	3143	3
3143	3	3357	3
3143	3	2353	14
3143	3	4386	3
3143	3	2765	3
3143	3	2319	3
3143	3	441	3
3143	3	3777	3
3143	3	3069	3
3143	3	2044	3
3143	3	3413	3
2353	14	2765	3
2765	3	1780	9
2765	3	3650	9
2765	3	2502	3
2765	3	2394	3
2765	3	3185	2
2765	3	3238	3
2765	3	2608	9
2765	3	3923	9
2765	3	3027	9
2765	3	3825	9
2765	3	3260	9
2765	3	3664	9
2765	3	2088	9
2765	3	1731	9
2765	3	3822	9
2765	3	2624	9
2765	3	1470	9
2765	3	1805	3
2765	3	2557	9
2765	3	2874	9
2765	3	491	9
2765	3	1993	9
2765	3	1919	9
3777	3	4400	2
3185	2	1210	2
417	3	4179	14
417	3	1106	3
417	3	3055	9
4179	14	1106	3
1106	3	3686	2
1106	3	2041	9
1106	3	3854	9
3686	2	4180	9
3686	2	383	9
3686	2	1146	2
1210	2	63	3
1210	2	4400	2
2054	2	2913	2
2054	2	433	2
2054	2	3064	3
2913	2	1361	2
433	2	3698	3
3064	3	2214	3
1361	2	2214	3
1361	2	4417	9
1361	2	1307	9
1361	2	2058	2
1361	2	468	2
1361	2	3292	9
2214	3	1484	3
2214	3	3808	14
2214	3	2031	12
2214	3	4352	3
2058	2	1857	3
3698	3	1857	3
3439	9	555	3
555	3	2661	9
555	3	1980	9
555	3	1248	3
555	3	4128	3
555	3	3557	3
555	3	2536	9
555	3	428	9
555	3	1325	9
555	3	2005	15
555	3	3621	14
555	3	2920	3
555	3	1105	15
555	3	2241	2
555	3	392	9
555	3	462	9
555	3	1095	9
555	3	3555	9
555	3	3974	9
555	3	2714	9
555	3	3301	9
555	3	3878	9
555	3	4045	9
555	3	801	3
555	3	1349	9
555	3	3230	9
4128	3	3834	5
4128	3	3621	14
4128	3	1633	3
4128	3	3557	3
4128	3	2411	9
4128	3	801	3
3557	3	3621	14
3557	3	801	3
3557	3	2065	9
2005	15	1105	15
3621	14	801	3
1105	15	420	15
2241	2	2144	9
2241	2	2625	1
801	3	1685	9
801	3	1136	9
801	3	2815	9
801	3	1681	9
3834	5	2111	2
1633	3	2542	14
3152	2	3065	2
3065	2	471	2
3065	2	1824	2
3065	2	1737	2
3065	2	3048	2
3065	2	2426	2
3065	2	2299	3
471	2	1824	2
2299	3	3406	3
2299	3	4418	3
2299	3	549	3
2299	3	3373	3
2299	3	4158	14
3685	2	673	2
3685	2	1606	3
673	2	4226	2
673	2	426	2
1606	3	1696	3
4226	2	1696	3
4226	2	3071	12
426	2	152	3
885	9	1455	3
1455	3	683	2
1455	3	298	14
1455	3	243	3
1455	3	1570	9
1455	3	3873	9
1455	3	1696	3
1455	3	1597	9
683	2	2821	9
683	2	717	9
683	2	1732	2
298	14	1696	3
243	3	152	3
1696	3	2795	9
1696	3	373	9
1696	3	1704	9
1696	3	3090	12
1696	3	2200	12
1696	3	4081	3
1696	3	1931	3
1696	3	2263	3
1696	3	4370	9
2795	9	2263	3
1517	3	2956	3
1181	9	4334	3
4334	3	964	3
4334	3	1271	2
4334	3	1884	3
4334	3	2717	3
4334	3	842	14
4334	3	2268	3
1271	2	205	2
1271	2	4243	2
205	2	2789	7
